886 11. 18888

088118118181 18 888181 1818111, 8188 8818188 omne, quotquot 1888 to·
18 0881181111 8188188 188148814. buerunt 88188 881, 88888 8818181
8818111888 8188 188188 81 88881888.... 88888188ιὶ1, iuro 0181811881 1188881
torquentur 110, 14. 8818114, 2. 81 0181811881 88818,
8888 88881188 448, 8 88 88811811. quo· 18 888818881881888811 88818-
1881. 58. 8888888111 1888111 818881 1888, 888818 autumet-t 1881·
·totuu 18188 1811118118 officitur, ut 118818 88118888141, 141811
811881 otro 1888188188 8888 8811118 881 01818118888 88 11188111...
45111188. 8811111881 81 urrini 48, 18. 81,
88811188 401, 1188, 5. quoto 88188088 ou 1111881881
8818818881 818, 18. 1181881 8181118111, 818 81 88 0118818
88188188888188, 8. 0181811881 dicuutur 18, 1. 118118
8811811888 (18188 8881881818 8881 88111, 0188118881 8818111888 8188188181
881181188 ..... 888888881888181888- 888818 88888 888 88888188, 881
1181181881 401, 10. 88818188. 118, 18. 81811 8 un·-
88888 (8188 188. 88811. 81 818881 818818 8111818 88 818818 88881881 81888188
quieturum 81811 8181 8888888 881 818. 148, 18.115,11.81818118811
148, 2. 888888 1881881 8181818888 81 01818111881, 888888888 88 881
18188888 481, 8. 88818881, 1818 888188 888. 8811
0111118881 8118881. 88. (1181881888) 88188818 888881888 818188 88881·
881888 018818888 88818181888811· 818188 tomo. 181, 11. (1188811888)
18118 apparuit 858, 11. 01818118888888 88881, 88111 88181
01188888 84, 24. 85, 8. 152, 21. 158, 888 88 088 11118188, 88· 888 1888
5.1. 888888811011818118888 88818 888-
01888888881 0188811888 888. 81811. 18811818811818118 210,15.14. 81
181183.- 128, 5. 1118 18188188 881 8811 0181811888
811ῐί8188 841, 12. 1181818888 881 1888118111888111881
01188811 64, 2. 410, 8. 121, 5. 88888 8888888188 odio 0111·-
cherubin 1818. 811881 88181818 protensionem 888·
01888 88, 25. 181, 1. 214, 12. 18881188, 888 8888888811888181881·
christianismus: 1818888018181181118- 188 ir 1888 8818111 ,188 88818881
8188215. ‘ri 8818 018111188111888, 881818818888 8888188181 8888881
quae notitio 888 0181818111 i· 24, 11. 011818118881,18881188888888181111811
01118118811181 81881188 8188118818818’ 88118 888811 8888888 8811888188,
1881188 811. 118 81 0181811881188 8818 odit 111, 18. 881 uolunt
88881188 888118 68, 18118 881881 0181811881 fleri. 88888881 88 8818-
81 8888111188 88188881 Christiani· utitem, 818881 81 8818 881, 1118 1881
1111 811, 4. 88188 miretur 118 no· 88818 18818 8881881881181 ctu. 114,
111188018181188118118. 88188118 881888 1. 88881818 881 188 8818188 881·
unum 881818 18 mysterio 1818111118 88881811 81888 818101818118181 8111
311, 5. 1888181 1188811181 114, 18. 0111·
01818118888888881. 81. 116. 81181118 81181118 1881 1881118881888888811881
genua 881 01818118888818 28, 21. 188, 1. reprimitur 8818 1118888881

 

