,534 11. 10000

0010 08, 10. 01. 101, 00. 100, 00. 8000. Bm 100010 M
’ 100, 11.12. 10. 000 00100. 000. ml. 1·oeae
0101101000οι 1001010000000011011οι 100000 [1. PG. mm 1040
0111010010, 0101110οι 010000101000 Β 0101.
804,11. ω1101100001001101101000001441.10.
01000001οω1 (1100000000) 01000001 00100100 010οο1. 10. 00. 000. u
000100010οἰ0 01 0101000011 (01000 00· m. 40. - Μ, 18. 101, 0. 12 100,
10011000) 001, 00 010. 10. 140, 10. 18. 100, 00. 00. 100,
tignum: 000000010 01μο 000010 00· 0. 0. 1. 000, 11.-411, 1.
1100100011 0000οἰ100 000, 00. 80100 800, 00.
010101000001000001.01. 0100100000. mu: 0000100 000010 1110001010 001
01010 8000101οο 001, 00. uide 10000. 1111οη...0010 0001100 00001 .....
Simon (010000) 018, 18. 08. 0010000000 nim nbmdn 01000
sinuosa. minuunt-mumma
010000 841,10. 000000 0000001101 1000001 000,

0000οι0 00000111.- 00,11. 000, 10. 000.

0000011100 01, 08. 100, 00. 410, 0. 0000οΙυο 10 0000010 0000100 000 00

0000100 01 0001100 0000010101 100· 1010100010υο1011000110αο0010
80100 000001 1111. 1010. EX 0011, 00010000 1111100011 10 000100 0010110

01 Β, cs. 1000. 0001100). 000110 1010οι010οω11, 1010 mbo,
001 (uide 001000, 1000000 01 ind. 0000. 00101100 00100010 00001100 00000010

01 0100. 000 0001000100,οω00· 10100000000 10110010 810, 10.

tuno: 000001. 115 ,0 41. 001, 100. 00101100 (00101100 0000100 uide 10000)

eiu· 0100000 01001100 000, 01. 001,
100. 00 00110 0000000110ιοιο 0101100
0000100000001ε 00 001 0100110100
001000 001410, 04. 410, 1000.
solitarius: ’(0000) 000, 10. 11 (es.
1001. 01001001. 1 7, 01111010
0000001000.0.11.Χ4011,100
ΛΜΑΜΑΕΜᾼΩ
0111110115 υ, 100 0. 000-
0010000 11000001 [0001110001 Rona-
0οη0,01.0000,1010100000110010
110 000000, 0010οω10000. m
01 11100110,Αο11001001111000,1“0010.
1900, 0. 47]. 1100. 1000111.
LVII 410 11]. 000011. Bran. 00.
Kanate, ,4000000111οΜ p. 00,
, cs. 00000001100000100. 40, 00. Εσ-
00· 1110000· [md 00001
1001000101. 40000. 804-800.
· 110100101..181.11100110,.401100100

1) = 000100 100. 11. 00. 101, 0.
10. 01010. 0) 01110 001 00000
00000 100000100 000001. 41. 000
001000 0001000 0010000 00101100 01·
000100 000 0100000000 08, 0. 01-
000000 0000000 000. 000. 10100.
φρ. m 1000. 01· Ml· Β lpi-
01100 0000100100, 10. 108, 1.10.
011, 08. 410, 10. 001...0101011
114, 0. 01100 01 00101100 eiu 182
10.τ-0010000·880,10.10.1000000100
000 mim ponitur 400, 0. - qi·
01100 0000100 (mudum 000·
100000 1000 1000 110 rm 00000-
010 0000100 0000100 00101100 00010
mwfflmfflmm
001000 0110000 0000010 000 0110
0000 00110100 m,- 1001 0001 11.·
000001. 41. 01 40000 0000101 10·
0011η101001000001.110.-01,01.

 

