171

hammamaffiana

1, 1, 1. 1, 1. 8, 10, 2.
111181 (11111.) 178, 11.
11111111111141, 18.
1111111111 18117. 848, 1.

111. 11111

m: 11111 181. 11 1111111111 181,
15.-1811111811.4(8,14(1“1
Τα1.11111.]111.1,1.11111.1.111.
11111 infin. 4, 13, 1. 1171111
71111.1,4111111.11111.1,18,

1111111 111 111111....111 11 (11111 111.1.1,11,1.1,11,1).
sm apud 11111. Hier. 1111111 111111 (111811.) 110, 18.
munau) 15, 5 111. 111 111111... 111111111111111111111. XXXV 1171,

111111 111111 17, 11 111. 111 111·

18 (sm, p. 138. Hier. 11111).

1111111 11 18, 11111. (stay, 11111 (1111111111 111, 11) - (=

p. 74-78).

oddo, M, p. 188) 118, 8.

111111 111111111 11111181 11 118111 1111111 487,11.
111 180, 18 (111 11 7111 111111111 1111111111 1111. ,1. 811.(811111,)1.118.

11 118111 11111111. 11111111. 1, 1).
11111 qm 111111111111111 181, 11.

φὼηπ

Am. 111 111111. 10, 81)1 1111111111
18, 18. obprobrio 11 11111111 81811.
111111111 1111 880, 18.

111111111 (opp. 1111111111) 111111 1111111 (811111, ρ. 138-140); 711.

150, 18.

111111111178, 11. 158, 1118, 4.

11111111 11111111 140, 8.

111111 11 christum 181, 1811111111

spos: 1111111111111 1111 18115. -
11 111111811111...111111 apem
771, 14. 11111 11111111 praemium
1111111111 178, 7.

spiritali· (117. spiritale 110, 8)ε 18,
ιῆηωῆη1ωη
111 etc.

11111 11111111. 4311111111) 11
17811111. - (= 1811, prm
111 11111111 mpura, 111111 111
1111111 111111) 11111171111108, 10.
11111111.111111.51,18.18,11
104, 6. 107, 15. 188, 18. 178, 1.
148, 11. 1. quis 181, 18. pm
111111 in subiecti· 88, 4. 78, 17.
1811. 188, 11. 188, 8. 1111.
107, 17.184,11.141,1. 888, 8.
871, 11417, 18 (es. 11 111111-
111 Tumor, 11117. 01111111

mmmamwmmwmffm
nfflmzmwstmzmmmmwmwfflmhnm,

11. 878, 8. 881, 8. 415, 14. 481, 17.

8. 472, 11. 478, 8. 1.

’ 1111111111 motu· 11111111· (11181 ud. 111118111112,11.
11111.) 11. XXXV 1188, 88 (Am tubintellego (8111171, ρ. 140) 41, 11.

ωωηηωᾳὴῆωκ
Μ. VIII 101511).
spolio: mortem 817, 8.
spurcitia 818, 11.
1111111 (18011) 70, l.
11111111 magnitudini· 411, 11.
1111111111 111111. 111. 81, 10.

&amma

11111111 (81111), ρ. 180); 18117. 811,

18. 411, 11. -· per 111111 11 111
11111817,18.-1.111.118,4(1)
1. - 1. 811. 141, 4. 85014.

11111111 111. 51, 1. - 111. a 111

111111

stupor (811111), ρ. 188) 181, 17111. 1111111 (a 11111111) 480, 18.
111111 (1111111181 influ- pau. 118, 11111111 88, 11. 54, 18.

 

