uerborum 01010001100000. 551

100. marsuan 11 Gor. 2, 0. 0. 10, 100, 8 01 0000100. 10000010 120, 12.

10 010. 110000. 000. quartuordecim) 108, 22. - 0010 0000ςοοω 10·

81, 0. 118, 1. 211, 1 (1). qr. 000· 1100000181,10.000000110001010000

rigo, reformo. 101, 11. 0000001Ιο010000227, 17.
metior: pm. 81, 1. 0000010 0001. 400, 21.
000000181000,ρ.100)011.10.448,10. 00100000 m 0010..ἷ814, 21 (01000,
0000000110 108, 0. 14. p. 80).
0000000000000010000001110 280, 20. 00110 220, 0 010.
onim: 00000010 00110001100010 (1) 0100 0001000 0100 mpero 10 septennium

„cadomum-(2) perieulum numerum 00010100 144, 20. 00000

001 enim 170,Ιο (raro periodorum 0001100010000001000000101100400,0.

00100100810000, p. 711-70).-(8) er: 0100 0.

propterquod 00100 (00000000 prop· 00011000 110, 12.

100 enim 0000) 284,20 0100101000, ermen (81000. p. 100) 200, 10.

p. 70. - (4) per 10 qnod 00110 (nur- 0000100000.000.10,10.-0000,01.

qm prr 10 00100 qnod, 0081010, excitor (0000100000) 04, 1. 00, 11.

pr 77) 112, 22. 184, 10.440,11. 011, 0.
enutrio 241, 28. 0001000000.(81000,ρ.100’)201,11010.
00000 08, 011024. 111, 0. 140, 20. excogitatio 020, 17.

084, 10. 000010010οω144,0.0100101000817,12.
0100ιο1001001000,1000. 0000000 01000 0 00000 117, 7. -
erubescor 01000 084, 10. erimina 10110 007, 2.
erumpo: 00 0010000000 0000100 exemplo (0000.) 80, 21. 40, 20.

000, 0. exemplum: 001. mmmmm&-
eruo: 0000100οι 0100010 800, 1. 100) 008. 22.
000οε igni 01 000 000 000000 020, 24. 0000011000 colligere 100, 11, 01001110.
et: 00100 000, 001000. exercitium (0100 exitium) 201, 0. 270,
01001000 000110 rupim 011000 00000, 1. 277, 7. 080, 4. 848, 2020110.

priore 1000 (01000, ρ. 70-74); 000, 11. 280, 21.

0010001111, 18. 200, 22. 011000 48, exhibeo (81000, p. 100)0 1031 0000·

10. 118, 0. 0. 110, 0. 122, 10. 107, rontium 021, 22, 0100 0000111000.

0. 200, 1 010. exhortor (ormont 000011000ιί000 00,
000000 171, 20. 008, 20. 400, 21. 20. - 0. 000. 01 101100 00, 0.

480, 17. 481, 21. erigo: 01000 184, 11.

00000110 211, 0. 001001100 882, 1.

000030110οι (81009, p. 1000 188, 0. 01100010 (81000, p. 111) 100, 2. rs.
8. 240, 14 010. 000000, 100010.

0000000010 (0000000 ι scriptor 0000- 001110 (minoz 100, 0. 171, 20 010. 21.
00111) 101, 10. 102, 12. 108, 22. exitium: plur. 10000110, quod 00100,
104, 001οη100100. 00000 = 00000000, 10100100 201,

0000ςο11000 mordicum (0000 mip- 10 (Ρ). 848, 10 (0000.) 1010010110οο0

1000) 470, 11. ·- (0001010000) 00, 1. 01 000000 01 0011000 uiua 001000-

122, 2. 124,1. 120, 28. 100,11. 10100110· 80020. rudimentorum

 

