uerborum 11 elocutionum. 563

111111111 112, 18. 11111 88, 84.
ostio: 1111. 181181,1.121)14,1111. 11111111 82, 1 111.
osse: 11111111 111111841811111111 111111111 182, 18.
11 recognoscere 284, 11. 111111111111.1111.888,18111. -
porus. [1111 1811111111111811111 811 288, 28
3-1881111111111111811112,28.11111111111111111111 111111111 111,

snm 1111 11 1111111111 11118111111 111111111111111111--1 1111811) 18

1111111280, 21. 10. 248, 11 12.841.12.410,11.
1111111111 (811111). eoos 1181 (1111111 424, 2.

288, 20. 11111 1-1811)1 1111811 488, 1.
111111111811118, 11. pendulos: 8811884, 18.
111111111111111111. 1111118818. 11111111111 1111111111 1111111181,

180, 8. 28. 110, 4. 11. 1111111 10. 110, 18. pentecostes sonis.

111.1111.118,18.188,8.181,12. 187, 18. 11. 11111111111 sonis.

188, 8. 281,21.288,8 111. 111111 188,18.11111111111 1111 188,10.

111. 11111. 141, 10188, 18. 180, 181, 8. 1111111111 ool. 188, 21.

28. 110, 8. 11. 281, 88. 11111111 184, 18. pentecosten 181. 188, 1.

111. sess. 188, loma. 111111 11(Βσ118.111. 11).

181. sess. 181, 10. 110, 8. 288,1 11111111811181181 11.

1111111111 11111181 111). pers 828, 18.

1111111111281, 18. 1111111111 218, 18.

11111118111881, 20. 1111111111 1111111111 111111111111

1111111 (11111111 1111118111)11“111. 1111118 onon 118, 11.

88, 18. 20. 1111. 08, 18. 210, 8. percipies 18111. 111 (1181111181Ν

820, 8. 411, 15. - (Issos) 11111. 1111,8111.011.1111.111.188)

1111111110, 80. 100,18. 21. 112, 228, e 8. 802, 81.

20. 110. 8. 188, 14. 144, 12. 14. 11181111 10, 18. 88, 81. 118, w. 808,

148, 1. 140, 18. 180, 11. 188, 1. 81. 280, 18. 211, 18. 811, 18. 280,

20188, 18. 188, 8. 880, 11. 18. 18. 818, 18108, 1. 8. 488, 8.

22. 282, 10. 288, 8. 118, 18. 11181111 18, 18.

1111111111 184, 18. 881, 0. 888, 2. 1118111 181181, 1. 184) 118, 8 ds.
480, 8111111881, 28 (11. 111111- perfidus: 11111. 1-1 8111811111, 11111·
stolus, 11111111884, 28. 8111111181111) 180, 11.

11111111 400, 18 (Mar. 81111181. 111. 1111111111 481, 88.

vm 10808). 111111111 111111111111111111181181,
111111111111 888, 12. p. 188) 18, 10 111
11111111 sess. m. 1111. 1111111 111111181,8.1181111111 488, 8.

882, 4. 1111111181 881, 4 (11181 1111).
11111482,181.4111111211111.18,10). permoneo: 18111428, 11.

111111 11111. (11111111. Theo& 8111111 1111111111 foedis 1111111 oeulos

[18071 ue. Besed. 111. 111) 410,10.
400, 20. 1111111111 1111181111111)1111ἓ.1111

 

