550 111. 15555

515555515515551555551551 2551555111 555115155) (lies, 5155 isa. 55511
477, 17. 555151555

dispensatio: 55551. 157, 25. 555228, dominor: 5. dot. (55555555 osso.) 120,
4. 280, 2. 11. 204, 4. 282, 2. 202. 1. 224,

5155511151 siet. 55557. 222, 2. 15. 424, 21.

dispersio 422, 10. 55551515515555155115551511522224.

51555551 5115111 102, 12.252,12. 555155 (Stude, 5. 102-104)1 5155
225, 10. 12. 55515 55155555 (17, 21 515), m

disputo: 55 55511 254, 0, 55555155515(22,25515.),151555ι

‹lisqniro 222, 12. 555555 55515.

dissimulo (215555. 102-102.)1 5 555551 20212.
5. obl. 12, 27. 71, 4. 121, 12. 427, 55511 opas. 15515 127, 24. - e.
21. -,-5155227, 8 (5555155115 5. 575555555551. suoi 125, 22.
yson, 55151 45555. 55 asom frn- 5551155515215555. 104) 120,5. 125,
trie 25). 22. 252, 2. 222, 12. 5151555 ease

dissolno: 5155515115 promissione 55- 52555555555155115155515555155
15551 122, 25.

5151155115 152, 25. 5, es: c. 555. es 1555155 51....55-

5151155551 ists. 55551. 422, 4. 515 nors 141, 7 (1). - iside 555515,
152, 22. gentilis. - 5 555155 24. 2. 112,

515151515115111511515555555 51 5555 22. 115, 17. 128, 14. 142, 10. 204,
...475, 2. 8. 208, 2. 211, 18. 218, 7. 220, 2.

515551551551 ex diuerso 5551252, 22. 222, 22. 408, 12. 411, 17.

551 515 55155 intellegi 5515.. ,20, 8. 551551 5115515 25 224, 22.
5555 5155 55155 intellegi 102, 7. edoceo 1. ooo 51 isefon 242, 8.

5155155155151511551 111, 12. 224, 51555515 555511 200, 25.

2 (55155...151511551 [= sisi: 51] 525515555551515420, 1.
15511112, 2. 55155 55155115151· egeo: 15551555 15515515 egent 275,
11511555. 3, 11, 2515515515151- 25, es. nullus.

legi [= 1155ς ito] 15511. 1, 4, 4. 51555551 15 ne 200, 14.

214, 4. 2515515555557111 Aret. elstio 18. 2. 52, 2.

Las. Lex. 15, 243). 515551 55 deum oon 424, 27. ·- 515-
555515551551151551551520,12.255,17. 55155 est mentis 5551152551 51
doleo: 5115515 5515155 212, 24. - 551555155515511555222, 1.

15551 5. aec. 202, 15. - impero elicio o. 555. 5115555521.

5. dot. sibi 5515 55555511228, 4. eligo: iss 5555. elego 55151 emti, ef.

oui non 55151228, 5(Ρ5155.1“1511 225, 7.

Gor. 7, 8. 9). eloquium: 515155 5155515 222, 2.
55155121155515(3552111555155)412,12. 5155555115 271, 12. 204, 2. 422, 10.
551555 218, 4. 224, 25. emendo: (55 121, 22. 202, 10. 222,
domesticus: 55551. 257, 20. 2. 421, 15. 471, 11. - poen 120,
5551515551155155151515420,4.11551 12. 121, 2. 124, 4. 122, 2. 277, 5.

440, 2. - domininus (1555555115 422, 11) isis. (21559, 5. 104-

 

