574 111. 16661

6666666616 4616111666 6666666166 6666666666 241, 14 246, 642661

66661616 64, 7 666 - 6666 666- 6666616666(66666)196),616666ι

cipiantur 6166166224, 2. 6666616 66661666666(66666, 6144) 26466.

224, 12. - intr 666116 aliquan 616166661616166666161)

616, 15. · 66666666(6)61.666166116) 66, 27. 161,
6666611661 66666661 (66661.) 642, 16. 16. 272, 22
66661661126 42, 12. 6666666666161 661 46, 4 666
66661666 66 666 16, 6. testimonium: 661 (= 66 66) 141, 7.
666616661666.6661“. 14, 5. testis: 616666 126, 4. 665, 16 612,
66666 16666 (6666.) 66666666 674, 12 666. (66666, μ 69-76) -

24. 675, 1. 676, 26. 666666116 66666 666 anu 66666

η11’1)6’“·6(ι266. rr· ⁶⁶5 40216
666666 666 16666 66 222, 2 - 6666 tutor: 6. 666. 61 tortu. 66666666 -

6166642616. - 6666611666. 6. 6616468, 16 616- et 666666

454, 24 ι6611666666616616616)66666(6666),
tredium: 61116. 645, 5. μ 65) 674, 1 ere. ’
6611616616 666 61 (1666116 71666 rra 616666(-·6666166)τ 666 6611666166

ramo 16666666, ef. Ρ6166. turm. 166 226, 15. - 66661 415, 12.

5, 3. 9,17) 164, 16. 467, 26 616. titulo (616116), μ m. 26166 ivr 11
6611661 196, 26. 444, 26 There. 6, 2 616 Dum, 1666.
611616.66)1661.661256,22.6,1.6666. 161661 7724) 122, 2628616
trngo: 6161. (61666), μ. 143) 286, 1166166 (61666), μ 144-14611116

26 666. duobis 6166116 666611661661 prodidit

6666661 tanti (= tot) 255, 16 (es. 55, 21.
611666661, 666611). - tantum: 666- tonitruum: 666. 6166. 467, 67. 666161.

1661 616166 quantum 6166 264, 16. plur. 467, 5. 7. 2.
666 666666 666 et (6166),). 75), torpesco: 6161. (61666, μ 146) 466, 22
6166661616. torques 626, 2
66666666 (Aron. 16 Maur. 6, 24) totus: toturn 661666 6666 176, 7.
166, 5. 141, 24. 142, 12. 262, 24. tractatus: 66667. 416, 4. — 666666·
666, 26 rum 646, 17.
tegmen: 6161611166). 144) 6661- tracto: 6666 66 (611666, 6146
616166 264, 26. Bened. 666. 6. 0666 Aret. [Pr.-
66166666 45, 15. 146). 6661. 269, 4]); 66661 62621.
tempero: 66. etymol. 66666666 6661- - 66 627, 6. - 6616 1661116662, 26.
666 661, 4. - 66 251, 6. 616661 (6666)), μ. 145)ε (tn 666666·
temptatio: 275, 24. -)111ιν.656, 12. riom 1166116661) 26, 15. 24, 6. 12.
652,12.464,14.469,16.477,6. 12. 42. 6 82, 5. 161, 16 22. 166, 16
temptator 65616. 24. 657, 11. 26. 141, 16. 146, 22. 256, 6. 266.
tempto: 61... 626, 13. 15. 297, 15. 616, 27. 672, 25. -
66166661 66 ternpus (Study, p. 144) per traducem 6666666661616 661666
. 76, 24 rte. - 16 tempore (= 16 porum 274, 6. -·(6661.)666116611
1166 6616666646), 9. 261. 6. antiquitati· 662, 22.

 

