844 11118188

88. 18 88888 81818 88848 184, 11. 8188188848 41 81881488 8188. 841, ss
18 488 88844 411, 18. - 481) onon: os. 8481148488.
488188 88844 88418 (81 Imm oioo= 1881 (888.) 81884148, 18.
Bono. 81841880 8. 27).-(= mor· 81118188 888, 84.
884) 110, 10. 888, 88. 408,18. - 818888488488888 488, 18.
(= 88184) 881488 mo· 88484 8818- 81888881888 8888881888 88888888
888884 888, 8. honorum proemium 18,18.
8484414811884188888 888, 11. - 8188881888888888881814188488,14
8888818444 88848 (881) 441 88888. o circumnatat 810, 11.
8444. 8188 8818884. 8188 8881888- 811181488811.
(81888,8.88-81)88,18818884144. 81888(48)8441881814881181, 8. 801,11.
88888 pro (= 8888188888 sar) 118, 18. 88881488 8148811 o. ooo. 41 iujo
810, 1. 888, 11. 418, 18. 814, 18.
8814 8188184188 quom 8818841 48 88488 8188188888 818, 88. 88.
8818818818. 81481888 188, 14. 118, 88 88. 811,
848184(81888,8.81)8884888488.·8 88. 488, 5.
ooo. 1484144 88, 8. 880, 8. 880, 81. 88888881488118888888188118488088.
·- 8 8888...880,18.- 8. 8818 8848888 8. 888. 81 841. 184, 818.
...11. XXXV 8818. 11. 88118. 8888188884 888 88, 8.
8888884. - 8881888 881 8814... 8848818 (1884)448, 4.
181, 4. 88888818184 488, 14.
88888 (814488, 8. 81) 88881. 18, 81 81 8888441888 sm. 4481. 448, 18. - 8818
8888188148. - o 18814 841, 8. 8888484 sort. 8881. 888114 8884
88148888 do 881888 (814488, 8. 87-88) .-. 88881114, 8188488844 881 88888·
81, 11814- 18 8818814 (8881 os. in norunt 811, 88, 4188 48188884
18118818)818,1.414,8.-888188888, cognomino: 88 nomino 8184 88888-
181888181888818188148181884888,11. minoretur 888, 11.
18188 8818888 88811. 415, 14. 18188 8818848188 (81888, 8. 88) 848, 18.
881884 881, 14 888, 8. 11. 418, 18. colligo: 44884...48 liquidum 888
18188 881884 ...81848814 418, 80. collegimus (1848. 88888.) 80, 81.
18188 881888888814818 8118884488 oommondo: 48888 4888 848, 10. 48
soora 8881814488 (814488, 8. 84) 84, 408, 11 (8148 881.) - 1848888418
14. 108, 10. 188, 8. 180, 18. 181, oto. 81888 (sodo. 8. 881 84, 11 818
81. 188, 10. 188, 8. 141,1. 148, comminor: 88 884, 1.
18. 148, 4. 180, 18. 181, 88, 188, commixtio (814488, 8. 88) 48, 88. Ι.
8.181,8.188,88.180,8.118,18. XXXV 8881, 88 (8841).- 88181-
111,18.181,81.188,81.1841188, 14114 448, 8.
10. 188, 8. 188, 8. 808, 18.881,18. oommoooo 81888 ...81 ...88448188

888, 4. 888, 18. 18. 848, 8. 848, 18. commoneo: 8888 48 commonuit 188
888, 88. 888, 81. 888, 8. 888, 1. 818, 887, 8.

8. 888, 80. 401, 18. 488, 10. 488, 10. 8881888188 o 881. 180, 4. 81818.
481, 8. 481, 1. 481, 1. 418, 10. 418, oommonio 818, 88. 818, 1.

18 oto. (os. inter olio, 18188 888118). 8881848811. mv 8888, 18.

 

