11111111111111111. 535

00, 14. 00, 1. 10. 1110000100, 1111110111111111111011011111111·
0. 101, 00. 114, 11. 100, 10. 101, 11110111111111111111111111111101,
01. 181, 18. 100, 8. 14. 180, 1. 10(11.1111.111.0.111000010111.
181, 11. 180, 10. 00. 101, 1000, 111 11111111 1 111. em.) - (111·
8. 008, 10. 10. 814,10.00.010, terum) 11111011111 1111110111·
1. 10. 080, 1. 081, 10. 080, 1. 10. 1111111111111111 11111111 11100110.
080, 10. 00. 081, 4. 10. 04. 088, 111111 111111 111111.
10. 000, 1. 0. 001, 10. 000010. 11011111111111111,111)1 111111111111
11 440, 0. 400, 11. 111111 1111111111 11111111111111111111111311111111111.
1111111111111,1.111.11111111 00. 1111111111 111111111111 001. 0.
11111111101111110111111111010. 8111111111 quaest. 00.
11111111111111111111111 11 111 Grec& 1011111111 111 eum 1111111111 111111-
1. 0111011119. 111 1110011111. 1111, 111110 1111111111111111111·
1101111111000010051011100. pere 000, 0.
1011. φρ. 1111. 1111.,10.111111111· 1111111111 1111 == 1111111111111111111
11111111 1111 1111 111111 1111 111 011111111111111110100, 14.
111111111111111111111 111, 11111 111111 quaed. 1111 ,0 70. 111 1· 0.
11111011111 11111 111 1101111111· 11111111 0111111111 11111111 111111
011111108,18.11111111111111,111 11111111 1111111. 111. 111111 111·
11111111 11111, 11111111111111111· 11111 quod 011111 111 11111111 111
1111, 111 1111111111 001, 00. 00, 11111111 84, 1. 11111111 11111111
04. 01, 11. 08, 1.“00. 00. 00, 11. 1111111111111 inimici 111. 010, 011.
00, 00. 00. 00, 1. 0.1. 01, 00. 1111111111 11111 libido 11111111 stupri
08, 10. 10. 00. 04. 100, 1. 100, (111 111 1111111111 1111111110 11
10. 100, 00. 101, 0. 0. 11. 101, 01. semim 111111 111111) 11111 in 1111
140, 11. 100, 0. 10. 108, 1018. 11 (1111111111 11111 1111111111111111111
101, 01. 00. 00. 1801. 10180, (1111111111) 011, 00.
10.10.11011.04.00.01.181,4. 1111111 111 1111111111 uim 1111111
11. 10. 10. 00. 00. 100, 1. 0. 8. ’111111111111111101,00.
0. 11. 11. 10. 00. 180, 0. 8. 0. 12· 1101111111 11111111 1111111111 11111111
10. 181, 0. 000, 10. 1000010. 11101111 offerri 1111111 01, 0. 1111
000, 10. 000, 1100040, 10000, 1111111111 1111111111 1111111111 111
0. 10. 00. 080, 00. 000, 0. 000. 00, 1011. 111111 1111 111111111
0. 010, 10. 010, 00. 010, 10. 011, 111, 11111 mugit, 11111 1111111111·
01. 010, 10 010, 10. 10. 1800. 1111 1111, 11111 111 crimen 111.
00. 000, 8. 081, 10.14.10.080, 010, 011.
104001. 11. 10. 01. 401, 00. 400, 1111111111111 11111 11111111 opere pro·
0. 00001000, 0. 10. 401, 00. 01111,11111111111111111111111·
qum· 11111111. 1111. 06. 1111111,1111111111111111111111
mum: 11 11111111111111 111111· 111111 181, 00.
,1111111111111111 11111111 000, 10. 1111111111 = 1111111111 0) 011110)
1110111 1111111 1111 (quid 11111 11111 01111ω11111111111111111111) 110·
11111111 111 11 1111 1101111 11· 1111111111111,111111 11111111 1111-

 

