uerborum ct elocutionum. 355

in: 11113311 13 1113331331 373, 7. 13 inordinatum.

Psraliporncuou 433, 3 (11. libris). incarnatio 113, 7. 131, 13. 143,1.

13 1131 (11. 311111)337,4.13 31111111 310. 13. 333, 3. 331, 13. 431, 1.

(11. 111331) 433, 1313311.- 1. 3. 14. 13.

111.111 (1111111) 31 111 13 eloctum 13111331 3111. 133, 13. 137, 37. 310,

1331101331 133,33.131313111111 17. 311, 4. 431, 3. 13111313331

11333 1131311311 1331111311 144, 3. (3111113, 3111) 333, 7. 431, 3.

- 1. 111. 3111. (1111111, cf. 3111113, incanum 33,14.34, 1.

3. 113-111 -- ric Lxx 11 ΝΤ) 13111113111111333,11.

qui iu 11311 urguebantur 33, 7. inchoatio 333, 13. 431, 13.

317, 3. 331131 13 113131 133, 30. inchoator 433, 3.

11131131333311111111317, 3. istos incircumcisus 434, 3. 11.

1333111311131171,11.-1.111. 1311131 (3111311, 3. 111-1133· soc.

serc = 131. ull. ciuitas quusi iu 3111. 131, 1311383, 3. 31111. 134,

31111113 111 1133131111 11. XXXV 34. 173, 13. - 111. 3111. 11 aaa

3337,44.3111131331111 11331- 111173,13.111.11111.133,3.334,

1111311 scripturali, 14. populas 13 33. 331, 3.- 1111. 11 ct 1111. 111.

1131113 ccclesias 11331311131 111 113111111111113111113131103,7.

33, 3. quos 333131131113 131111 cs. humilio.

333,7.131(1(1Ῑ. Attructa'o) quod inconcessus (311113, 3.112)34, 13

...30, 17. 173, 37. 333, 3. 11331 111. -311111311113113111113111-

Christi 3111111 131113113113133,3. 13311 (Hal. 11. X 51 Δ)1 14, 13.

1311 13 deum 31131 sat 133, 33. 374, 3.

quoti uiolet 13 alteram potiorem 131133131(3111113,3.11313334.

344, 33. qui patribus 13311311111 1313331331 (3111113, 3. lla: 33, 31.

13 111331 133, 31. 1113131331 13 11· -11111, 3111. 337, 31. 300, 3. -

3131313 11331 demonstrauit 333, 11. incongruum (131) 1. 1111111. 333, 3.

tunc 11131113 substantiam 33333. c. 31 33, 11. 373, 13.

3111113 13 31111 11 3111113 3111113 1111133113131111111111 11. mv 3333,

433, 11. 311 3113111 1131111113 . .. 33. 43, 4.

...13 311331 133, 13. 13111131 sanc· incouucnicns: est (111111 33, 13.

1311313111111133111131 133, 13. 131133111131111333, 13311111 13133·

133113 1113 fuctum 371, 13. 13 1111131111).

333 1111 sunt et 1111 13 33331 incorporeus 33, 3. 34, 33.

143, 3. acide haereo. incorruptibilitas 133, 34.
insectantur· 11, 11. ” 3111131131 11 111, 11 31. mum).
13111113131111(311113,3.111)13,13111. incredulitas 333, 3. 13. 333, 13.
1313111111.(3111113, 3. 111) 343, 33. incredulus: 1111. 31111. 11111333, 3.

344, 13. 334, 3. 417, 13. 170, 3. 7. 333, 33. 31. 333, 17. - 31111. 133,
iuouia: 13131 111 31 1111111...433, 3134313434, 17.

18. (111111. (7)) 17, 33. 13111111(31111331123133111. occ.
1313011311 1. dar. 3311331 333, 13. 337,13.13.

1333111333, 17. incunctanter 440, 3.

 

