uerborum 81818881188888. 587

818888888881810,11.-8188888’. 8. 877, 80. -(-·88818 81) 418,

88 1881111888 181, 88. - 851. 81 8. 487, 8.

18818. 81188 888188888...885,18. 88888818 (= 888888 80, 88. (praee.
proximo (eerb.): 88 enm 818, 88. 1888818) 88, 88. 848, 88. 888, 8.
prudens (888 8188888888811888 888, qundo: 8888 88881881888888.

8. 881, 88)8 88188188 prudentesque quotue: quenti (= 8881, es. eli·

88, 88. - prudente· 8888881888· qunti) 817, 17. 888,14.-8888-

8811) (81888, ρ. 184) 888, 18 818. 188881...888118818818888811888.-
888818888818188 451, 4. 18. - peeude 88881888 8. poe. ede'. 188, 18. - 8.

enim 88881811 (81888, p. 184) 8888888881888, 85. -888818ε

450, ‘1- 118110 ma· ⁶⁰¹⁰·- (Me. 1¹·
peeedeprophete 488, 14. 71-78) 54, 88 8188818 8888818888
publiee=pelm= 180, 11. 8888818. 888811888888881888818888818888
888888 8888 88888818 881 reuolue repeti, e. 8. 88, 7. 884, 18 (cs.

805, 7. multu). - 88181. 18188888 queneto
pellium: 1818811888 808, 88. 8. poe. 881 .. 18818 e conpar. 888.
pulso 88818 888 881188,18.840,11. (lm 4, 37, 7. 1118814. XXIV

878, 4. 881, 18. - 888. pere. (81 8488 [MD 8814818. 81, 8.

paee.) 881, 88. 488,8. 887,11.- quemdem· 888, 5. 8.

88881 88418. quere: quere ergo (81888, p. 72)

punitio 888,·8. 18. 888, 88.
purgo: 888888188888 150, 14. 8888888 88888818 uox 818, 18.
pumentia: 88881. 85,18.- delicti 88818888 (praec. 81188818888) -- ut

88881888 801, 8. 881 ede. 18188888888111881 potent 81
pete: 88881888 smne 88888818 pn· (818188, ρ. 188. Aeon. 1881481118. 8,
neu 88, 8. 88, 11. 11211101, 8. 11188311. XXIV 888 Β); 54,
81. 888, 18. 888, 8. 400, 15. 408, 5. 108, 18. 148, 88. 801,8. 807, 88.
8. 414, 8. 488, 7. putentur 185, 881, 8418888188 eeepe 8818, et
18. 844, 18. 8881888188 184, 88. alique· mpieen‘ 8888181 818 8888
patetne 881 888, 17. putabitur 888, huden.- 888781 dam 8888881888
88. putem 888, 18. 8881881 178, 8818888811888188888181888881888).
8. - paen 8888818811888 78, 8. 8818888 888. niumm 88888
888, 8. ammam
¹⁸⁸¹& ”W ew· ‹1¹¹⁰ss ‹1⁰⁰-

queem: 88118 88118 queem 888 8888· 81888, 81 sere 8888888 8. indie,
88884818. memmueeeeiedic.
888881188888881188888 1888818188), 18, 11. 88, 11. 88, 18. 85, 18. 88,
pp. 8. 184) 181, 8 de 8. 80, 17. 88, 88. 88, 8. 81, 24.
88888813 mle 88888) 88, 14. 148, 70, 11. 78, 7. 88. 78, 18. 18. 88,
7. 188, 18. 08. 8, 8 ep. 887, 11. 80. 88, 4. 85. 84, 8. 18. 87, 88.
808, 8.- e 8888888.881.817,14. 88, 7. 10. 14. 80. 80, 4. 8. 81, 88.
- oue. (81. 88181 184, 88. 880, 88,,81. 84, 4. 87, 88 818. - c.

 

