561 111. 18188

(1111. 81. X 88 A. 818888. 188) 8888111188, 81881 881811 populi 111,
818, 88 818. 4. 1118888118 888811818818811 401, 8.
8811818118 448, 8. 18. 88111881 811881 8188881 (lm. 3, 88,

8818888118 m, 4. 881, 88. 888, 1. 81810, 80. 881, 1.

88181818188811.114,88.118,14. pom: 888118 1888 40, 81. 881848

”altmannum-..pem mammaemam-

, (81818,8.184-181)84, 7 818 - 88818 881818 (81818, p. 71. Am.
88881. 88188 1888188188 888 88111· 181 118181. 10, 80. 811. 1118. 1, 4)
118184, 7. 88881818 88111881 88118 18, 80. 08, 18. 84, 18 181. 81.
880, 7. 811, 18. 811, 80. 844, 1. 888. 8.

881888888180881. 181, 88. - 18818 8880. 808,Ιο 817, 84. 88111.
1181818818 181, 88. 888, 8.

8818188881 8181. 108, 88. 881111811 88888 184, 11.

818111881181811 88181881181 88, 80. 881111881. (= sustineo) 884, 18.

88181 m. 88111 (lm 8881881) 418. 8888181181 81888. 81 8118181888 88811·
80 (881111 447, 18).. - 888811. 0118818, 18. 17. - 11881. 88881.
8. 881. 81 im (8181188188) 811, 80. 880, 1. 870, 87. deo 48,
44, 80. 18. 180, 8. 848, 17.

88811181. 8881118188 (81888, 8. 188) 87, 80.

81181 18 811881 88818888 841, 14. - 11888811 188, 18.

81881188171,8.81881118118188,14. 88811 811881 88881. 887, 14. - 8811
188 800, 1. 8. 1188 8811188 resurrectioni· 81188 =

818888181188110, 18111, 10 (pm 888818118811 888118888881188111
111 0,). 81888118881888181408, 18. 8111111 108, 81

888181881811. 8811818118 deo uindictam 111, 13

818818(8181188.188)1818811118111111 - c, 888. 1111188.(81818,8 181)
88, 10. 80, 8811.

8188881 1811888 818818 1811881 881 881 potem m c. 18188 110, 0, 871, 10.
888818888181888181881881ε81888 881881181 88188881. 8188. 18, 1811,
18111118) 181, 18. 1. 7.

811181 8188 188818 481, 4. potatu: 8818818118 8881118 888 etse·

88118188 (811081.) 480, 8. 11188 818, 8. - 18 8881818188 18

8818881 8181. 8818888 818, 14. 1. - 1188811188, 8. - 8. infin.

88881 (18 18888188 888188818 888188 880, 81. 818, 8. 880, 80.
8888811181 111, 4.-888118115111, 81181 8188 88 1811 si mortem 881111
811188, 8. 188 -180, 81. 88881118· 1811811118118818 118, 4.
181, quod 8811818118 181188) 47, 7. 8188818181 8. 881. 11 infin. (818118,
84, 1008, 10. 18.108,88.111, 8. 188)1 8888. 188, 8. 888, 81.
1. 180, 18. 140, 80. 108, 81. 118, 888, 18. 887, 18. 481, 19. 881. 481,
84. 818, 1. 880, 8. 878, 81. 880, 10. - 181. 81 11188. 1111. 480. 81
8. 888, 18. 480, 10. 480, 8. 448, 888811811181818111814,1.
8. 440, 18. putenm> 888, 8.

8881111181 (8181. asmo) 818 1111811 8188881881801, 1.

 

