m ΙΙΙ. 14644

44411644 alp Μ, 2. 44444414412,12.44,8414.-4Ιρ
1446444414· 41144444 281, ll. 64 44444 448, 6.
444644414414414444114414441156,17. 446444444852,18.-44164(44141)
4444414 (Μ, 4. 8814 4444144644 266, 8. 240, 21. 24. 26. 6618

- 441(14411444414442)44178,16. 44444 44641. sm 4144. 827, 61. 861,

4444114444 47, 2. 54, 28. 411).

4444144 147, 6. 4444414144 88, 2.

44444644444441141144441144144121,1. 44444414 222. 4. 6. 11. 14.

4414444 641. 44144544 864, 7. 451. mmm· 4115141180,24(441.44“4
44544544 68, 7. 166, 6. noe. 44.) 668, 8. 401, 27.

44144444 411 44144444 4414 6464411 41....441444 41444441. 82, 24. 827,
821,15. 25, et. 4646144144.

4414(41644441)44414444614444441444 40444114 mmai· 4644444444-
= 444 6141444 441444441444166, 4141444444 44444 44441141 444444
8. - 44444· men 667, 16. 441 46, 18, qs. 60, 17. 178, 10.

44141444 46441. 26, 8. 112, 25. 245, 27. 226, 6. 818, 17.

8. 10. 814, 11. 816, 16.867,16. 4444444 46 644444 62, 16.

- 44144144 44444 ...165, 26. 252, 4441441144 4114416 14 44414411414 54-

11. 266, 12. - 44141. 4414414444 14444 428, 24.

140, 6. 465, 11. 44644144 metm 444 4464414 (61444,
4414444444 4444114 444 118, 2. 4. 84) 56, 27. 78, 7. 186, 16. 4444
4411441144 265, 12. 4464414 124, 14.

444414441444 44441444 4414414877, 446444 46441. 444144 eum 860, 22.
20 (61464, p. 83, es. 4416444). 44614ε144444441644 4441144114411·

4444144 828. 10. 444144 22, 22.

444414414 (St-dy, 4. 84) 17, 28. 187, augmento: deminutionem 4444441444
17. 205, 8. 14 64444 22, 7. 41444 61411114 1212

44441414 66, 14. 12. 20. 421, 12. 4444441444 287, 18.

44441414 (61464, p. 844 4644 66,27. 44161144 4444414 606, 4.

44441414144 156, 12. 4416444 4144444444444414444114(461.)

44441411444 246, 14. 25, 2.

444414144 (= 24414426, 14.54,14. 44144444 14144444. 4. 4. 4441614441
24. 101, 20. 116, 6.121,1.127, 54, 7. 180, 18. 202, 2. 221, 11
12. 128, 12. 142,15.155,15.156, 222, 2. 272, 8. 842, 21. - 4441.
11. 170, 12 etc. — spostolus 444144 46114. 1602222, 7. 887, 20416441
120, 8. - 44414144441411122, 25. 441444 (uida 46411, 41)τ 4411444114

4444444114 (614414, 4. 84) 42, 8. 84, 44416 4446 441444 (81464, p. 77,
28. 111, 15. 168, 8. 815, 22. cf. 44144) 108, 17.

appareo: 44441444 4444441247, 2.

opud: 14444641114 441 4446 444 444 6414144214644, 84); 4441. 35214.

614...11414411 166, 17. 6414144 (6144414, p. 84) 87, 14. 82, 8.
4401144444441488, l. 124, 16.
argumentor 264, 18. 1444114444 (etmel 1441444) 467, 26.

 

