510 11. 11111

1111111111111111111111111111· 11111 1111111811 88, 18. 11111
111111 11111111 111111111111111111 (Misi-tticum&
1788111111111 1111111 111 epitom 87,18. 111

181, 5. 11111 1111 1111 111 11111- 11111111111 188, 14.
1111111851,88.111111111111111111111111111111111111111111·
11111111111111111111111111111 111181111111111111 81. 8884.
1111111111 11111111 850, 8. 111. 11111111 quat 78.

11111111 (1111 1111111111, 111111, 1111 (1111 ‹io-inim) 1111 1111111 11
11111111, 11111111111111,1111111, moiun 1111111111 11ςηί quat
1111111111) quat 899 8-8. 11 84.11111111111111 noetis 11111
111111 1111111 11 1111 111111 111· 107. 80, 18. 111 1111 111 1111111·
1111 111111111 11111 111111. 81 11111111118, 18111. 1111111111,

queat 70. 80. 11111111 1111 111 imo 11111 111 118, 81. 1111
1111111 111111. 80. 111111. 88. 11111111111111111111111111·
110 99 1. 8. 111 9 1811. 110 1111111111111111,11111111111111
99 8. 8. 118 9 011. app. 1111. 111 887, 411. 111 1111 1111111,
1111. 88. 14, 81. 1111111 11 11111111 ibidem 111111111111111111848,5
1111111111111111111 1111111111 dignita: 11 111111111111 11111111
18, 8. 111 1111111111118,1811. muni 845, 11. qui· dignitate

11 188,8511.88,18. 51881111· 1111111 uirum 11 11111111 111111
1111 1111111111 1111111154,88.55, 11111111 888, 84 de.
14.87.1111111111)111111111111111 1111811111 1111111 111 dignito&
prodit 11 111. 58, l. 0818. 188, 1111111111111111111175,15.11111-
8. 184,18. 80. 88. 187,15. 148, 1111 homini negotiui 11111111 111
1. 88148111. 11111111, qui 111 11 popinam ingredi notabile 111
1111111 111. 145, 511. 11111111111 808, 14.
11111111111111 111, 111 commune. diligo: quosdiiigimun.niineommodum
· 11 quocumque 11111 open 1111111 1111111111, non 111 1111111 11111-
1111111111111111111111111111111 mus 484, 0.
1111111111111111111111111 111111 disciplina (1111 1111311118111111111
111, 111 1111111 150, 80. 181, 5. 808, 8. 475, 81 111.
111111 qui 11111111 opu· 11111 111 1111111111111111111111111111-
11111111 111111111111111111 188, 11111474,18.
5. 808, 5. 878, 80. 888, 14. 880, diues (1111 pauper) qumi. 88. 84
1811. 800, 1711. 801, 1011. impius 9 8. 184. app. 111. 1111. 08. di·
11111111, qui 111 1111111 801, 85. 11111 1111111111 quam. 38 9 8.
818, 88. 880, 17. 841, 7111111111 188, 111. 884, 511. 11 11111111
11111111111 850, 85. 888, 80. 406, 1111111111, 11 11 111 11111 11·
18. 484, 811. 484, 1411. 488, 8. 11111 111 1111111111 1111111111111
111 diaboii 447, 1. 4. izi-58, 8. 1111111111 888, 80.
471, 8. 111111 (= 1111111111) 454, 11.
11111111 (uide 111111) qumi. 101. doctrina 111111. 184 9 0111.
numquid 11111111 potent uicem 1111111111(11111111111111,11111111)

 

