11111111111111. 528

11111 11111111 841, 11. 117,11. 1111111111111,11.111111,1.11
411, 111. 11111111 mptum 1111111 111
undu: 1111111 1111111111 quant 111, 11. 11111111 117,11. 1111111
1111111111111111111111· 1111111111111111111111
111111 11111111 lom 1111· 11111111 11111111111111111111,
aa· 111111. 1. 111 11 1111111 1111111111 11111 11111 ummo
naturaliter 111111 mat 11. 11 1111111111. 11111 11111 111
entim 111111 11 um 0111111 1111 111111111111111111111111
m 101. m 107. 111101 11111111 mnu· 187, 8. mutato
..11111 corporo 111111 totu 111111 1111111111(11υ)111, 17.
prope 111111 1111111111 et 111111- 11111111 hi· 111111 11114111·
11111 111 141, 11111111 xl n chisedech 1111111 11111111 11·
11.· m. 10. 1114. 111111111 1111111111 ot 111111111 111111
111111111111111111111111111111· 11111111 111, 1. quinquenium
gnte· uxngtnts....qutpp0 111 11111111111111111111111 111
111111 111 sexto millesimo 1111 111,11(1Ῑ.117,1).0111111111 1111
ulta 11111. 1111111 1111111111· 1111 11111111 11111111 111, 11.
atu 111. 111, 1. 11111 11111 111 qnare 11111 111 11 111-11111111-
1111111 111 111111 110, 11. 418, 111111 11111111111111111111 111
1111111111. 11111. curma· ..1 eonon
11111 11111 potem, 11111111. 1111 1111 11 mysterio 1111111111
mets: 11111 11111111 11111111 117,1.111]1111111 111111 111
111, 17. unguium 111 1111111111 111111.
1111111111 mnam 141, 10. pt· 111111 pachae mysterium 111,1.
311111111111111111111 1111- 1111111111 11111111 111111 1111
tunt 111. 101,10.801,1111.111. 11111111 10111. 11. 111, 1111.
-011111111111111111111111 111· 11111111 1111, 1111 11 1111111
11111 11111111 111 mut 19. 11111 111, 111111 111 177, 11.
11111. 17,17.110,10. 811, 11. 1111111111 1111111111 1111 1111-
111, 11. 411, 10. 417, 7. 1111 11· 1111111111(1111)111111111 171,
sn 111111111111111111111111· 1. 1111111111 111 11111111 1111111
tim nyttortt 11111111 (11111111) 171, 11. 111111111111111111 11·
11,1.111111,1111111]111111 1111 1111 (7111111 111, 11. 11111
111111 1111111(1111)11, 1. 1111· 111 1111111111 1111111111 1111 111
tum 11,1.11ρ111111101,17. didicit ae. 111, 1. 111, 17. 1111
11111, qud 11 upum 01111111 111 mysteri· 11111111 1111111
unt, nymrit 111 11111111 111 111, 1. 11111 11111111 111, 10.
11, 11. 11111111...11111 11.... mysteri· 111 tm 11111111 t»
11 11111111 1111111 100, 1. ut 1111 1111111111 1111 401, 7. ny·
111111111111111111111111111100, sterit 11111111 11111111 11111.
1. 1111111111 chi-u 1111111111 mean 11111 111-1111111111
111111111711111111111 111411, 11. 111 111-11111111
mmmm 11111111111111 1111111111 11....111111111 114,

 

