111111111 11111111. ¹ 129

puelle 1111111111 lu 1111111111 111. 11 111 mimda 1111111 1111

141, 11. 111,11111.
111111111111111 111111111111111111441,1111.
pythonum: 11 11111111 1111111111 1111111111 (11111111111111111111111
111. meet. 2⁷. 11111111) 111, 11. 111, 11.111,1.
1111111111 111 lu 11111111 1111111111
quidm (111 11111111 111, 111· opine·- 111111 1111 111, eum nomeu 1111
11111111 11111 atque mammes. 111111 1111111111, 111111 11111·
111111)181,11.111,11.111,111 1111111111 1111 1111111111.
111, 1. 111, 11. 141, 1. 141, 1. 111 (11111 1111111111, 1111111 meet.
141, 1. 111, 1. 11111111 118, 11. 11.11111111111111111111111,11.
111, 1. 118, 1. 141, 11. 114, 11. 11μί meritum app. 11111111. 11.
114, 11. 181, 11, 411. 11. 111, 1. 111 111111111111111111111 1111·
411, 1. 411, 11 111 1111 111 111, 11. 111111111111·
111111 eum quem 1111 regie 1111·
111111111111. 11. 11111111,1.1111111111111,1111
11111111] 11, 1. 1111 1111111111111111 1111111111
rectore quidem 111111 1 1111111111 111111 1111111111 1111411. 011·
1111111111111 11 auxilium impere- Me, A He'etory osmund Poli-
1111111111111111111311111111, 11111 stem 11 the 1711111111
11.(111111111111111)11111111111 [11111111 1101] p. 150): 11 111
111111411, 1 pudieus, 11111111 111 eletionem 111.
redemtor 111, 11 114, 111.
111111111111, 11. 14. 11111111 141, 11.
111111(1111111.)411,11. Rome: 1111111111 11111 Rome,
reguum: 11 reguo egene 11111111 queo 1111111111 uidetur omnium
111, 11. 1111111111 111, 11. 111 lu 1111111·
11311111111111111111,11111111111111· 111 11111111 1111, 1111 11111111·
11111111111111111111,11111 eu· eime eppelletur [es. 11111111ιί111
1111111111 homiuibus 1111111111 111111111111111111111111 Fe‘m'·
118, 1. 11111113111 (1111) 1111 eun 1111111111Ῑ,1111111111111111
111 1111 111111 uel 111111111111· 111111111 111111111111,11.111·
11111111 1111111111 118, 4 111. 1111111111111111111111111111·
relinquere: 111 relinqui 1111111, quud 111 1111111111 11 1111111111 114,
1111111111 11111111111111111111 11. que 1111111 1111 11111111, qui
hebet 411, 18. 1111111111 urbe 111111 prohi-
1111111111111111111 quate& 111111 1111111, quod 111 11111111 111
(1111111111.111111.1,111111111111). 1111111111 141, 2. quedem fuit
1111111111111 (uide 1111. verb.) uon 111111111111111111111111111
1111111 1111111111 111 reformet undecim 1111111111111111,1111111
411, 11. 111, 1111111111 hebuit 111111
ree: 1111 11111111, 111111 1111111111 ....tempere imperetorie 0111111·
11, 1. 1111 11111 1111, quippe eum tii 1111111111 111 puellm 11 purte

1.. 11,·111. 1111111111. 84

 

