 

nuptorum. 483

bodun 2, 10 ..... 81. 285, 18 Exodo· ’20, 11 ...... 244, 11
8, 1. 2 ..... 81. 89, 5 ’20, 12 ..... 81, 14. 120, 19.

8, 2 ....... 81. 124, 18 - 81. 402, 2. 488, 4

8, 10. 11 . . . . 81. 280, 20 ’20, 18 (14) . . 81, 15. 120,20.

8, 20 ....... 81. 818, 1 124, 10

4, 24 ....... 81. 48, 18 ’20, 14 (15) . . 81, 18. 120, 20.

4, 24. 25 ..... ef. 42, 8 124, 11

8, 18-25 ..... 81. 85, 8 20, 15 (18) . . 81, 15. 120, 19.

7, 10 . . . ef. 814, 28. 428, 1 124, 10
8, 19 (15) . . . 185,15. 404, 7 20, Ιξ . . . ’81, 18. 120, 18. 20
10, 21 oeqq. (1³) . . . 81. 178, 24 ’20, 17 ..... 81, 17. 120, 21
12, 8 ....... 81. 287, 21 20, 18 ...... 81. 815, 2. 22
12, 8 . . . . 81. 144, 7. 287, 28 ⁸21, 22. 28 ....... 50, 7
’12, 11 ......... 849, 19 *22, 20 (19) . . 205, 22. 215, 21
12, 18 ....... 81. 188, 15 22, 27 ....... 81. 289, 28
12, 22. 28 . . 81. 171, 8. 292, 5 28, 14 ....... 81. 88, 22
’12, 28. 27 ....... 170, 21 28, 28 ....... 81. 48, 19
12, 87 ....... 81. 815, 20 24, 17. 18 ..... 81. 488, 14
*18, 18 .. 4,1. 84, 4. 12.19. 85, 17 ⁸24, 18 . . 248, 10. - 81. 484, 80
14, 28 ....... 81. 828, 14 28, 1 ....... 81. 88, 18
14, 81 ....... 81. 849, 19 81, 17 ....... 81. 244, 11
18, 5. 8 ..... 81. 249, 9 82, 4 ....... 81. 78, 11
18, 18 ....... 81. 189, 9 82. 19 ....... 81. 78. 12
18, 14. 15 ..... 81. 48, 19 82, 27 ....... 81. 199, 19
18, 22. 28 ..... 81. 188, 25 88, 11. . . 81. 122, 20. 280, 19
18, 81 . ...... 81. 48, 20 ’88, 20 ......... 282, 21
17, 2 ....... 81.190, 9 84,28. . . .81.80,20. 112, 9
17, 8. . . . 81. 47, 9. 124, 17 84, 29 ....... 81. 82, 8
19, 1 ....... 81. 188, 14 84, 80 ....... 81. 280, 15
19, 10 ....... 81. 287, 4 84, 88 ....... 81. 82, 17
19, 14 ....... ef. 287. 4 Lenition· 8, 2 . . . . 81. 427, 15
19, 18 ....... cf. 188, 14 8, 8 ....... 81. 225, 1
19, 18-18 ..... ef. 815, 2 4, 8 ....... 81. 182, 22
19, 18 seqq ..... 81. 814, 22 11, 29. . . 81. 119, 18
20, 2. . . 81. 145, 21.198, 4. 14, 1-4 ..... 81.108, 14
805, 1. 10. 14. 477, 1 28, 82 ....... 81.114, 2

’20, 8..81,1.-81.55,14. 474, 25 24, 10-14 ..... 81.199, 18
Οὔ), 4......81,2.120,18 24,20 ......... 121, 9
m, 5 ....... 81. 89, 5 25, 8 ....... es. 288,18
’20, 8 ......... 40, 22 25,10 ....... 81. 288, 17
’20, 7 ......... 81, 5 25, 10 oeqq ..... 81. 287, 12
⁸20, 8 ......... 81, 9 Numeri ·8‚ 8 ...... 194, 20
’20,10...81,9.-81.458, 2 8,12. ...... 81.194,20

81·

