532 11. 18881

81881818 8888 8188881 christi 818, 14. 148, 17. 148, 8. 88. 148, 87.
88888181888188188181881188181881 181, 84. 188, 8. 184, 18. 188, 8.
818 88881188 888, 88188881888818 188,8.184,8.188,8.188,4.881,
88188 881 1811181118 887, 8. 888 88888, 84811. 18. 888, 1818.
8888 1181188818 888818888818881818 18. 18. 888, 11881, 8. 888, 8. 818,
88881 888, 88. 888888881818 8818· 1. 818, 8. 888, 8. 888, 18. 841. 4.
1881888 881, 88 8888188 8811181188 1888181881818181188,8888181881188·
putaretur 888,18.88188188 88818- 811 881111 81881 8818118 841, 4. 848,
mentum 18 181811818 8888181888 18. 848, 88. 888, 88. 881, 1. 14.
818, 11. homo 888888881818 8888· 888, 8. 878, 1. 818, 8. 888, 11. 18.
18818 88818811488,11.8888818881881 18. 888, 8. 488, 18. 481, 18. 488,
188181888881481, 11. omui· 88888· 84. 488, 8. 488. 8, 11.18. 18. 488,
888818 putem 8111881811 8881 co· 18. 88. 88. 488, 18. 441, 88. 448
38118 481. 18. 188881, quibus 1888 18. 488, 84. 88. 478, 1. 414, 8.
18318 81 88888888181818 1118811811 88188111888818818888 8888 quod 81
1181888881 478, 88817811818111· 18183118 488, 18 818.

dia 11181188 17 [881818 1888] 888818888811838888 81881 8881881-
3. 888). 8888 1818888181 (883881) 888, 8.

„aiflois 888881. 108- 188, 88. 88888818 88, 1. 4. 7. 8181814

8888118318181 81 1888188118 1188 811 11.18.18,14.188,18.
quod 888111831881 488, 81. 8888118888 188, 7. qno· 888818111

8881118381(88’8.8181111118811,Βὸ811“88888 88131118 8888 8881188181818 418,
8888881888888818811888 88· 181811. ι1118, 8818881838 88881,
1118 888811 quod 888 8811888188 18881888888118818,1188 1811888 888·
881, 18. 81 8818 8 888111838 per· 888811, 88888881811118811888818181
secutionem 881188118881181 11111 18818 88881881 8 888 8888 81811-
quod 18 881 881, 88. 881881818888881 88111818 88188888

881811181888.11811. 1881. 7. 444, 8.

8818888888 88, 14. 8818881118 444, 8.

88188188 (adame hoc epitheton 1118 88888888 44, 18. 71, 11,
88818181)3118881.88.83.80.81. 84. 8881881881 temporibus 0888188881
68. 74. 78, 78. 88. 88. 88. 84. 1881188881 88111111 88818 88111, qui
app. 1181. 1881. 47. 80. app. nou. 8888888188 8888118188, 81 impen-
1881.17.13.88.88.88. 48. 88. 88, 188888, 81881 ipae 888188 81111, 8
88. 87. 88. 70. 71. 78. 77. 81. - 1888118 8818 88888881 848, 4 (188
84, 1. 8. 7. 8. 48, 1. 8. 48,14. appellativum 8888· 8188118 88181
18, 11. 81, 1. 11, 88. 881. 18. smmum 88888811
91, 88. 84, 17. 88, 11. 1818. 88, 1. 8888888118).

4. 8. 18. 188, 18. 811 184,18.11. 88881181 quam. 87. 48. - 44, 18.
18. 88. 188, 88. 188,8.18.181, 887, 8. 888, 7. 418, 88.

18. 14. 111, 8. 114, 18. 88. 118, 8888118881818 (1111838818888811818818)
8. 81. 181, 4. 1. 11. 18. 188, 18. 188, 8188.414,418.81’8.18118811.
88. 188, 18. 181, 1818818188, 88111181 488, 18

 

