uerborum 11111111111111. 565

praedestinatio 415, 21. 210, 14. 214, 5. 501, 15. 251111.
1111111011 51, 11. 151, 2. 150..Ιο 111111111111111151111 religioni·
praedicatio: 15111. 201, 24 512, 5. 50115. - (111. 1110111150 51 11

412, 21. 415, 21.-1. 111. 155, 152, 5. - 15111. 555, 11. - 1.

5. 512, 4. 455,’5. - 11111111· 11111515. 55, 24. - 1. 111. 11

15, 25. 111111. 155, 24. - 01 115, 20. 220,
praedico: 15111. 155, 22. 150, 11. 15. 550, 4. 455, 15.

201,2 511111. -1.111.(1111111.) 1111111101 15, 2. 14. 54, 15.. 154,

200,11.201,11.(11111 11111 51111) 15. 151, 5. 255, 15. 214, 15. 254,

155,15.-1.511. 1111. 250, 22. 15. 504, 10400, 11402. 5.

- 1. oce. et 111111. 455, 25. - 11111151111110111.

1110...111111 215, 5. 1111111011 1111111111111 50, 22.
111111111 1111011111 151, 21. 11111111111111555,22.-11(;11111·
praefiguratio 545, 15. 111511 oum) 505, 21.

1111011111 ooo. (11111205, 11. - 111111111111 do 1111111111 (11511.)

11111. tofina 111151111111 1111 0515.

111111 1111111 554, 2. praemitto: 111111 11 11111 tint
11111101111 1. dot. (511111, 1. 120. 55, 10.

141111. Ῥ1111511) 145, 12. 111, 5. 1111111111 1. circu et 111. 55014.

514,12. 55512. 551, 22.·25. - -1.1111.550,20.

dut 11 01 110, 15. - dut. 11 111111111111(51151,1.125)11.1111.

11111...155, 1. roi: boui 14, 11. - 11111 1111. ni
1111111111 intr, iu 1111111111 (sort. (115 el. 502, 21) 15, 1. 15, 11. 20.

1110111111 11111) 245, 11. 210, 1. 254, 15. Μ, 15. (1111111
1111111111 15, 15. eiua) 502, 21. 405, 11. 425, 5. 21.
111111111111 (sindo, 1. m) 55, 0. 111111111111114,.22.

152, 11. 151, 21. 551, 12. Β5, 1. matrimomo, 11. 125) 515, 15.

555, 5. 422, 14. 425, 14. 455, 15.
praescienti· 55, 25. 111111111111 15111. 250,.12.- 11111·
111111111(511111,1.127)1 1011155, 11111 254,2

21.225,1.410,11.-1.1111.551 1111111111 11111. 11111. 555. 5.

10. - 1. 111.111“11151.455,5. 11111111111 dioboli 145, 25.
praeteribo: 01 11111111 22, 10. 11111111.111.111“1151.(511101,1.125)
1111111111011111111(51151,1.157) 255, 5.

151,11111. 111111111 11111. 552, 15. 1111. 4511,
111111111111(1111111111111405,411111- 15. 451, 15.

quon 1111111111111.).· 11111. 54, 11111111111111111, 1.

12.554,1(Δ111.1’11 111111.11,111. 1111111111 11111. 255, 15. 11111. 22, 12.

11111. 505, 21. 405, 4. 11111111 255, 12. 255, 1.

11111111 111111· 1111111111 1111111111 1111111111122515.

oo, ⁷. 11111·- (sno, 1. mo 111. ’
1111111111 1. 111. (51, 2.) 50, 22. 142, 25. 141, 15. 155, 15. 21. 500,

155, 15. 151, 20. 155, 5. 151, 5. 4. 1. 245, 15.

 

