44414444 41 rerum.

14141144441144 aaut· 011 1010110000·
114 04414444 44 4141444 444 444144·
444 010, 10141. 41444144).

1440 000, 22.

lm 400, 14. 10.

144444 00, 12. 4144 1414444.

1444 quat 00.
14444444 140, 10.

017

0444141444 004, 11 (4444144444 411·
4444 ima 44140044444114·
444 d* 1414140441 44 4411041444
aalma VIII [1000] p. 410).

iteratio: Iteratio 1414 confirmationem

wmsswmn

11041441· 20, 0.
1411444120, 10. 402, 14. 442, 20.

144 M 110. - 101, 0. 2. 200, 20. 1444444, ludaei: 4444441. 44 (es. eum

14044444104411444) qum. 00. 00.
ιη. 444 uu. 44, 14. 44. 44. 44.

70 5 2.-4⁴, 15. 44 11. 14. 4.

00, 10. 101, 24. 102, 0. 201, 20.

14444444 (41444 Zebda] (1414 10·
mm 4444441444 12020120,
00. 100, 14. 402, 1. 4444044 141444-
nes 4444044411 1411 444444 414, 4.
421, 4. 400, 21.

1414444 422, 0 4444 144444.

14444 100, 1. 200, 21.

1444414444 20. 22.

lom 444441 00.. - 00, 0.

luta quant 85.

14441 (parmena) 444441. 00.- 102,
2. 202, 00. 210, 4. 422, 22.

14441(414114444441144)444441.00.-
121, 20. 141, 1. 2. 21010400,
0. 11. 10. 1012.

144144 410, 10.

1444 (tau 40440) 441, 4. -
144444 010, 1.

14444 4444441. 11. - 00. 0. 01, 1.

1414 001, 0. 002, 10.

14441441 444441 01. - 40, 20. 10, 10.
110. 11. 111. 0 400, 4. 4111 Im-
1141 44444400-21, 10021οε 04,
1ηώο2ᾋοοη
14. 22, 10. 100, 20. 102, 10. 100,
ΜΜοΜῆΜΛΜ
0. 404, 1.

1440411144 04, 21.

144044 4444 4414144 1444 labam
1441144 44 41414444, 01411444 41

in 44144444 tem 4441 tomenti
414 ρη44144114,1444 4444 4141104114
1444444 044114 1444441144, 41 omnen
eeclesia noui 1441444411 gentium
4441444144 10. 20) 444441. 00. 01.
00. 01. 02. 00. app. 4444. 1441. 011.
70. 00. - 20, 10. 24, 22. 20, 20. 00,
21. 02, 22. 42, 10. 40, 1. 44 chri-
411441 populi. 4444 in angelo· 41·
34124440 scriptun, punem 444444-
44444141 homiues, 14 44114444141,
10. (cs. 41, 20) 40, 10. 04. 21.
0444 Hierusalem 4441444444 ge·
444414444411141 - 1444444 utique
-, 1114 nutem 00414114444444114414
spirituliter 01, 4. 100, 0. 102, 0.
2022. 110, 12. 114,1. 444 :Pi-
1414, 444 41444414 44144144 44441
nm 444 114, 10. 21. sententiam
444 444112114144, 444 144441110,
0. 10. 20. 110, 0. 120, 10. 20. 120,
2. 12. 20. 121, 22. 1441414 441 crux
christi 4414414444 4411444444444
100, 12. 100, 14. 01440444 4444444
appareret (44141444), 14411 columnia
1444444444 140, 20. 140. 12. 104,
10. 10.·11. 100, 11. 1010220.
110, 14. 110, 2. 11. 100, 112. 121,
12. 102, 10. 100, 01012100,
10. 201, 4. 200, 10. 210, 0. 20.
211, 10. 202, 0. 240, 0. ox 1444
444 14441 dicuntur, 444 144441 200,
1. 200, 0. quid 11144 441, 41, eum
44414 multitudo 1444444444 411 per

 

