10000011 01010011101111. 543

110011011οι1 (mn 100111. 001110· 0001011100 (m. 0111100100) 00, 10.
1100)00,10.100,0.400,4. 0. 000400, 07, 4. 07, 1014. 111, 0. 7. 110,
10.407,17.11.111170000,40(001.) 0. 070, 1. 40014.

00111010 (numan inpiinntnr) 101, 0001010 (= 00010110, opp. 1110110001

04 010. 101, 10.

001000 00, 10. 00, 14. 01. 00, 10. mu: 0001 0000147110.

400, 0. 00. 407, 00 010. 001010001101(01010,0.171)100,00.
1100111001 XXXV 0000, 1. 001000 0001011 mancunium.
beatitudo 001, 0. 4. 10. 17. 00. 071, 00110 (0010010 00001 W olto,

0000010. 00100 0000 im 001011 01001.
1101011000 0. 000. 0001. 00, 0000, 1. 001100 ergo 1111 qnae 0101100011-

0. 07, 0. 000, 10. 10. 007, 0. - 011110 117, 10. 00 0000110010.

pau. 00. 0. 000, 00. 00. 04. 400, proni 00110 00 10011 140, 00. 10 110

10. 10. 00. 401, 0. - niani. 00. 00. omnibu· . . .nnn 010 001 00000100,
benedictio 00, 4. 000, 00. 04. 400, 00. 1110110001 00010001 1001010

0. 11. 10. 100, 00. 10010 01 00100 00010101
0101110001οἰ10 nbi. 170, 14. 400, 11040, 10. 111001 11 00000 001

07. - 01010110 007, 10. guin 070, 00. snpra 11010 00010
0100101110 (mmm 0101100111111 400, 0. 00100 10100001 10011 110011,

0100. 440, 10. - piar. 000, 00. 101010010111001,10.-0.μο00.

440, 10. 0011100 100, 10. 1010110010οω-
biniano: 00001. 107, 10. 010, 17. rum 400, 00. - 0. qni. ni: 10110

10. - 11 11000101, 10 100, 10. 001000010000011110,1.0101011001

000, 14. 1001011ιο 100, 0. 0110 00100 000·
0100101100107,10.440,00. 1011110111 010110100101010110 001,
010010 (sinay, ρ. 00) 74, 10. 100, 10. 14.-0.011.1000000000,00000011011
ironia: 11 00011 (= 1101) 11. XXXV 0111111001, proponens 000, 0. - nx

2275, 00. 000001001011100, 00. - 11 enm:

0. ,001, pm. 000011 homini· 10,11.
00000 000, 0. 000, 10. 0010010010 40, 14. 11 0011010010 00000
0000100 qni 0001 ex 00000 400, 10. 000101 0111, 1110 horum 000000
animumanimumum. 01, 1. 11010101101 1011 01000101 111,

14.-0101100100011. 00, 17. 0. 0010 100110 11 00110 0010010010
001ωο100010 00010 cnei. N 040, 00. 100, 0. 101 000, 7. 004, 10. 101 01
00111110010110,10. 0011111001, 111110100000004,
0011000 donn 041,10. 8. 11 101 001111 410, 10. 10110 01
0011001100 0. qen: 111. 040, 00. - met. iiiii 471, 04. 0100 04, 0. 0. m rn':

10, 0. 110, 10. 11 0000011 00110 110, 10. 111111
001010 011000001001101011 100, 7. 000, 1. 1000011 QG, 10. 400, 0.
00011000 110, 10. regenerationi: 400, 00. 1001111
000101 nini. 477, 00. 1100 00100 04, 01. 100, 00. 000, 17.
0011011000,00.07, 10. 04, 00. 000, ,400, 0, 111011 00100 111,11.110,

10. 000, 0. 1. 01001. 11 1111 guni 00110 010,

 

