566 11111111

prior: 1111111 (-- maiorer) 881, 18. 111118. 10, 29) 88, 5. 28. 18, 18
11118111 (81181, p. 128) 208, 2 111. 282, 20. 208, 28. 281, 18. 88211.
1118111111111888,18. 1111. 111 1111111111 1111111111
procedo: 18 hoo 11211, 4. ponto· 1111181111 (11. 1111111111)
1111111111 11111 atquo 1111111111 11 81, 8.
orooro 854, 18. 1111111111 1. ooo. 1111. 10, 18. 288,
procreatio: 18111. 412, 14. 11. 888, 12.
1111111811 1111111848, 28. promptu: 1811111118. 818, 18. -
111111111. 111. 228, 18. - 1. ooo. 11111 1. ooo. 20, 2.
11 811. 455, 12. - 1111. 1111111. propatulus: 111881811111 1111111-
1. 811. 821, 28. 418, 2. 1111 111 254, 1.
11181 rom 11811111111. propo: 1. 811. 484, 1.
1111111 82, 8. 88, 1. 28. 81,1.88, propensior (81181, 1. 132-138118,
11. 12, 2. 5. 11. 14. 20. 24. 21 22. 201,2111.
111 (1111111111 1111111111). propitio 228, 4.
1111111181,18.18, 11.481,1. propono: 1111111 218,18.- o 111
1111111111 orde 11111111, 1111111111. 11 infin. 81, 2. - (= praepono)
11111111 18111. 81, 28. 18, 18 (1). 11818.
111, 24. 188, 18. 208, 8. 5. 24. propositum (81181, p. 188) 1088111.
284, 28. 418, 21. - 81 120, 1. 485, proprio: 1111111. ut proprior 811111
21. - 1. 111. 11 infin. 112, 2. 814,1 (11. Ρ1.·Ηι“1. 1. ,4111111 p. tr,
11111111 (81181, 1.120-182);1.11 3118. 818111).
11 rubi. 281, 8. - 1. 8111811181, proptor: 11111111118(811181, 1. 71)
1. roo-132) 88, 2. 50, 14. 84, 85, 8111.
11. 58, 28. 18, 21. 108, 22. 188, propterea: quir 88, 8. 188, 12. -
14. 188, 2. 181, 22. 221, 11. 222, qood 101,1.
10. 228, 18. 241, 21. 888, 9. 898, prorumpo: in 11181111 448, 22.
18. 444, 15. 11 18 118, 18. 481, 1111111110ἳὸ88.
18.-181111. 18, 18111. (81181, prosequor = 111111 (intr.) 11. 8.
1.129-130).-111 111. 181181, 288, 18. 815, 28. 408, 21.
p. 130-132): 88, 4. 128, 28. prosilio: 18 1111111111 110, 14. -11
104, 8. 288, 8. 12. 240, 10. 422, 11111111811111111111210,11.
8. 488, 11. 1111118111 841, 18.
profiteor: 0111111111 418, 28. 414, 1. 11111111111111111111111 - 11181
profunditur 288, 8. 8. rom 224, 8. 881, 11. 408, 20.
prohibeo: 11111118. 1111811118111 111111111181181,1. 134) 84, 2284,
418, 10. 8. 848, 18.
proioio: 111111111111111111 808, 22. 11111111111.111.858,18.- 18111411,
1111111111 (81181, 1. 1821 8111114, 28. - 1. 111. 11 infin. 181, 18. 28
1. 88, 2. 282, 24. 821, 8. 488, 25. 11. XXXV 2280, 48 (118,).
promissio 18, 8.-11111 promissioni· 111111111ιί1 1111111111 extitit 181,]0.
188, 1. prooioor: 1. poro 482, 18.
11111111111.111.1111.11111.(8111.11 prouoco: Chrirto 1111111111 1111111·

 

