111 11. 11111

lm 1111 (ιι 11111 Iun) 101, 10. ι1111111 111, 11. 111, 1. nido 111·
111 11111111111 11 11111 ¹⁶20· 11 bren.
1111111111 11111111111 111, 11. 1111111111 (111 aporuit 111111 111·-
mn m. 111 9 1. 111) m 10. 11. 11. 11 101.
101. 117. app. 1111. 101. 0. 11 111-
athribe} 1111111. 11. 1111111 nomi 11111 1111 11, 111,
1111111 111. 111. 1111 10. 11. 1111 111. 11, 11. 11. 11. 11,
0111111111.111.1111.11.-111,11.11. 10. 11, 11. 11, a 11,1.1. 111
enni 11111111. 101, 10.101,1.111,11. 1111
Onnum: (1111111111, qui 11111 1. 1 111,11.111,1.111,11.111,
Tripolin 11111111 1111, 1111111 1.1.111,11.11.111,1.111,11
11111 1111111111 1111111 111, 11. 1111111011 111, 1. 111, 1
011111 11, 1. 1. 1.
mm 111, 1411. Habet quant 101.
menn 1111111 11111 111, 111. ‘neberti' 111, 11.
musteum 111 1 meo 111111 1111111111.
111111 1111111 111. nou. 1111.0.11111111111111111111111111111
111· mmmmm mm 111111, 1. 11, 1. 111111 liugn,
1111. 1111. 911111.101(ᾅ.·111,1111111111
gentili· (mm 11111111 oth-im 11111111 1111 1111111, mm
mmmipmmdm'domuu) 1111111 1111 qm 1111 1111111
qum. 19. -11, 11. gentile· 111 mm). 1111111 lingu- 11, 11.
1111111111111111111111111 11, 1. 11111111111111111111 111, 1.
gentilem 11 potestate 11111 poni· 11111111 11, 11. 11. 10. 11. 10,1.
tum honorificamus 11, 11. 111, 11. Η111(111111111)11,10.81,11.111, 11
11, 111, 1. 111, 1. 111, 11. 110, (1111111111) 111111. 11.
1⁷· ⁴5⁴2 1111411511· 1111111 qum. 11. - 111. 11. 115.
genten: 11111111111111 111111 11111· 8. 111, 1. 111, 10.
1111 111, 10. genten, 1111 1111111- 11111111111 11, 11.
teri· sunt ⁸⁴⁸. ⁸· 111. 1111111111 11- 111, 1, 11.
‘ignum 111, 10. 1. 111, 1.
3111111 (uide 11111) 111, 11. 111, 11. hereticus: 11111111111111111111 eur·
(1111111111,11.111,10. 1111111 uiuunt 111 11111111 111,
Greci 1111111141, 11. 111, 11. 1. 1111111111111, qul 11111111
111, 11. 11111111111111,11.11111111111
111111(11“11111);11111111111111111 1111111111· 11111111 corinthii
11111111ᾴ11111.81.1111111111111· ungit-mm 11 hereticis 111, 11.
1111111111, 1011111111 oom- 1111111111 Herode· 1111 11 Heroden
111111 1111111111 11, 1. inspiratio tetrarcha app. 1111. 111. 11. 11-
1111 ςῐ111111111111 111 qm per 1111111 111, 8. (111 appellum)
tuditionom infunditur 1111111111 100,1.
111, 1. 11111111 3111111111 11111 1111111 11, 18.

11111111 111, 11. Hester 111, 11.

 

