uerborum 81818881188888. 575

1888888 101, 8. 88188888 881. (81888, p. 144) 18,1.

trumo 281, 8. 482, 18. 288, 28. 121, 18.

8888188888 18 8881188888 808, 12. 18 88888818· 8881. 218, 18.
888118888824,18. 8881888 (ε 88818888) 82, 20. 21.

munandin: 8. 888. 402, 8. 2128.

18888888818 12,1. 88888881888 auu. 212, 24.

11888818881188881818818(τ- 88 Bt· 88888118 884, 7.

18188888) 148, 2. 182, 1 818. 888188 (-- 888888, d. conantem 18
1888881888 (18188888. &munientia 88888118 82, 18 818.

&ln-amu rogo Assyriorum 11.8888888818118881188888.811888.

XXIV 2288, 88. 888888 8888 888 881888 (188181)-
tammo (81888, p. 118) 872, 17. 888888 etim (81889, 8. 78), 8188
8881888 ,8 infin. 8888111 142, 20. ulum.
tribulatio: 121, 8. 228, 12. - 8188. 8888881888. 288, 8, 8881881888 881-

281, 17. 888, 18. 882, 11. 880, 8881888888 881 818, 8188188881·

12. 471, 12. m (818) 8888888.

18118188 pan. 48, 8. 22. 120, 22. 228, 8818888888 8881. 477, 80.

8. 828, 28. 88188 (881. 881888 884, 88, 81818· 88·
1818888 cinq. 877, 24 118. 1881118881σί (881888118818888818)
tripudio 228, 1. 1481281884, 28 (18188. 1811888.
tristor (888888) 128, 12. 7, 12).

18188818 (81888, 8. 11818 8. 888. 8188818 (88881.) 181, 24.

88881888 287, 2. 81888 (818 m. 8188. 142, 18888181.
181 (qr. 8181)·-188ιε 181 88888 228, 14. (11. Χ 711 827 11]. Sem 188. 2,
181118 (81888, 88118) 188, 12. 188, 821: 818888 8888888 (81888, p.

8. 888, 8. m-m. 8888. mm: 8188
188818 (81888, 8. 88) 888 18888188 121, 18. - 8. 881. 142, 18. 1.

228, 18 818. my 2218, 22. 121, 18. ⁶- 818888
18888 182, 1. 188, 10. 280, 12. agero 8118881888 88, 1.10. 14.18.

12. 22. 21. 22. 28. 418, 18· 8188888
uacuo: 8881. mortem 118,8 (cs. 888· ((888 81888 8888 8888888182, 8. -

cuo, eximio, 188818). 181888811881888888 81888 82, 12.
8811188 8. 8888888. 881. 271, 1. uictoria: 8181881888 188888 824, 18.
888118881888 11, 2. 81888 (81888, p. 118.) 422, 21.

811 (18 1888118888 1888 1188811818 88 aigilo: 18 881 timore 882. 18.
18818888, ql. 811 11188 quod 11188. 81888 (18888. M. 8188. V [12041
11. XXIV 788 0 81818 811 881 818, ef. 11818,8·888)180,1.
quod 81811 88181888 228, 18. 811 818188 (ε 8818888188) 8188. 81 8188.
881 11188 quod 81811882, 12. 24. 442, 18818(81888,8. 117).

811 88111188 quod legitur 188, 21. 8818111118 108, 18 118 21. 182, 18 818.

288, 28. ubi 8811 qnod 8181888 881 8181111188 28, 21. 122, 8. 184,· 2 818.

411, 8 (1111. 11. Χ 102 Β). 81188 8188881...812, 24.
uegeto 218, 12. 8118888811118 (lm. ,4818182218

 

