111111111111111111.

812

1111 111111111842, 2. (1111111 ipi- 111111111 1111 qni 11111111 canum

11111 111111) 111 111 11111111121111

intellegunt 82, 8.

1118111188,28.111111111111(1111- 8111111 maier Norico) app. 11111.

1111111 11111111) 11111811 11111111

1111. 44. - 184,1. 128, 2. 8.

1111111111111111 1111 11111 1111111 111111 288, 12. 882, 2. 881, 28. 28.

11 111 culed-uticum 11111111 in

422, 18.

11111111111111111111111181111184, 111111 128, 2.
181111111111111111111811111188, 11111111 828, 28 1141 Peme.

2. 1111 1111111111 111111111111111· 1111111 111111 11111111

121118 1111111, 11111111111111111 11111111111111111111 11 1111111111
1111 11 1111111111111111111111111 1111111 1111111111111111. 82.

212, 4. 111111111 iuri· 11111111 1111188, 8.

224, 8. 11111111 11111 1118111111 11111(111811111111148,18.18. 18.
1111111111111111 1111111181 omni, Louii· (111 111. 1111.) 81, 18. 88, 1.

1111)224,8.111 11111 11111111 111-
1111 282, 1.

818118188
11, 1. 111, 11. 111, 11. 111, 11.

111111111111111111 11111 1111111. 1111. 111111 (= 11111111)1 1111111 Rotnani

1811

meae. 101.

11111211111111111111111.18.1111111. 111 (111111111111 11111 1 11111111

124 8 8. 11111 111111 1111 111. 282,
22. 111
1111111 11111211, 111. 111.

111.(11181111111)1 111111 11. 1111-
111111111111111111 qumi. 88. oe·
1111 111. Aprile· 1111111 egerunt
1111111 qumi. 88.

1111111111111111 1111111111111111111
1111111 121, 24.

'cmxli Μ 0. ··· ⁴¹, 121111.

1111111 (cs. 1111111) 111...111111111
11 11111 282, 18.

lupis: 11111 ignem 111 8181111118·
1111111 111811 111111 11 potentin
248, 28 111.

11111111 niomium 11111111111111,
11 1111111 1111 8181111111111·
111111 1111111111 241, 12.

1111111 app. 11111 118. 88. - 841, 2.
11 111111 m liuentia 11111111
11111 1111111411, 28.

1111811111 821, 21.

11111 111 11 11 1111111 1111111311
11111428,1.-11111111111111111-
11181111111111.4.111111111111111.
451. quae 111111 11181 iu 1181111
1111 1111, 111 11111111 1181111
quoteni 11181 81811111121111111.
7. quant 8. c 1111111111 non 11·
11111111 11111111 quui. 82. 1111111.
72. 118. 118 ,8 8. 5 7. app. 1111.
1111. 18. 19. 7811111111111 111
diligentibus 111111111111111 111·
11111ςί 81, 8. 1111111111 111111111
11111111181111111111 111111111111
11 11111 11, 121111111181111111·
11111111, quio 11 ipit 111 appelit·
111124,2. 122, 1811. 288, 2811.
legionum nomeu 111, 1111 triper-
1111111 81811 intellegentium 111.
428, 28 111. - (= 11111 111-11111111
uide 11111)111111. 27. 1111111111·
111 11111 legi· 111111 11111111111
222, 28. 11111111 11111111111111
pecatore· 11 11 11111111 1111111111
228, 2211111 1111 1111111111111

 

