uerborum 18 elocutionum 545

1111111111 1118 1111. 1111148888. tu· 84, 88. 1111111111 101, 81,
11111111111111111 184, 11. 1111181188 81181111111881, 80.
1111111111 1111111 11181111 181, 8. - 1. 118. (1) 11181111 1111 111·
11111111 1. 118. 181, 18. 484, 80. gum 1111111888, l'L-uqruuuu
contramuto! 0111111811 111 841,18. 118 1. 111. 11 infin. 88, 11. 881,
1111111811 818, 8 14. 48), 1.

coucupiscentia 85, 8. 888, 1. 18. 408, 11111111 411, 5. 8.

80. 488, 8 181. 11111111 meritum (81111, 1881411·
1111111111 (11111) 11 884, 80. 111111111188 um 11111111.
1111113111 (811118, ρ. 08118111 2⁰⁸, [1011111. mu 81111. Vp. 841 1.

0.1.-1.11184,81.808,15.- 8] 18. 0111111 in 11111. 8,18

11111111· 118 111111 888, 1 (cf. [111111 1111 111111 Ml) 11

diguus, 1111111111). 1111 11111 848, 88. 181 ndu· 1111·
1111111111111414, 5. 118111 1111111111 481, 85. 1111118111
11111811 58, 81. 408, 88. 1111 perunum 411, 8.
1111111111101. 888, 8. 1111118111 111811 1111 884, 18.
11111111111111 1111. 11111118. 1111111 1111111111 881, 88.

88, 84. -· 111 nouum 18 1111111 11111111181(81111,1.89-80) 18,

800, 8. 18 888, 18.

11111111 1111 dum 818, 8. 111111ςί11 (su-dm. 88-80) 50, 80.
11111111111111811111 150, 18. 840, 5. 848, 8. 841, 1. 888, 1.
confiteor: 11111 815, 85. 888, 8. 488, 1111111811 11 11111118111111 1. qen.

84.85.0111118111418,88.11.118111. (81111, p. 80) 18, 8. 88, 18. 81.
1111111111111111811111111111111111 88. 41, 18. 118, 4. 888, 88. 887,

811, 81. 11. 818, 8. 88. 415, 81. 88. 84.
11111111(81119,1. 88) 884, 0. conpendium (88119,1.80-81)11111-
111111181188, 18. 81. 1111111 188, 10. 11 conpendium
11111111 108, 8. 110, 8. - 111. quud 1111111111-
coniugio: 1111111,11111111111 111 111811 1111118111 4881. 84.-111

111.(81111,1.’88)80, 1. 808, 18111 conpendium 1111 uixit 48, 8. 111-
confundo: 1111. 1111111118111 poue 1111488, 18.

110, 18. - 1. 8181. Nu, 1. - 1. 1111111111 11 11111181 888, 8.

quin 881, 10. 11111181 (My, 1. 8111 1. 111. 84,
1111111111 1111111111111111111(811· 18. 44, 1. 48, 10. 111, 1. 151, 18.

dy, ρ. 88118811014111 11. 118, 8. 818, 14. U. 88. 418,
mur-uon 11111111 111 808, 8. 81. 488, 88. - 11111. 111411. 8111-
11111111811840, 80. pou· 11111818 ae, 81. 818, 18.
1111111111 884, 10. · 1111111111 88, 10.

1111111 (M, 1. 88) 81, 81 181, 8. conplector: 1118. (ι- 111811111, Μ,
mmmmm-mlh ρ. 81-881808,10181.

111111181η11.1.111.111ῥ.818,8. 1111111111 11, 5.

11111111 Μ p. 88-88)1 dul. uouputu: 1111111 1111 mptum 488,

duflum-mmmm· 8.- 11111181111111 11888, 8.

ura-ua. 11111. uu. 85

 

