uerborum 61 elocutionum. 647

amb-mamam, 66116666 111. 400, 1. - 6661. 60661.

660.466..0111161166οΛ6. 070. 4000. 10.-06100010.

10666...010711066011. 000,04.0666666100,17.16611

10-10.7...7101616116660 000.Ιο

66600,00.46.60,66)100066666666611666106616661666
corruptibili· 66. 06. 466, 10. 6666616616 6166 oon 616161 66-
corruptio 070. 0 001. 0. 400, 10. norm 661611 060, 07. - 6. 666.
66666666 (01606. 6. 00. Rufio· 01661. oon 10 6660...170,10,6106 o. 6.

066666 4, 01166661. 6616116116 001. 611166116.

10. 666116116 000, 0. oum 66616 6666 666606 (01606,
66661166 6016017, 01. 6. 77-70) 100, 4. 016. 10 (es.
6666116 44. 0. 06, 0. 100, 04. 0666 666606 m 666. 10, 61 -
66661666 (6611661166) 14. 10. 01. 11. e. 666116 661666 (a qmqmo.

40. 7. 01, 01. bobono) 004, 11.

uodo: erodente· 16161 (666. 01111066· 66166166 (01606, 6. 00) 10, 10616.
1661 01606. 6. 06-07) 010, 10. 6666166 c. 666. 61 16116. 664, 0.
660. 06. 070. 0. 406, 00. - c. 666. 666106611661. 6. 061. 000, 14 (6. 66.)
666· 66666666116666 4400 460, 00. euro: 66161661 om 66611 0666 404,
6666. 06661666 00. 11. 0166161661 1. hominm 66666 66611 404 0.

470. 08. - 16 6166616 0116161666 -666666161611616666666647610
70, 10. 000, 01. 070. 10. 001. 6. 6616166 66066166 466, 07.
461, 11. 16 06661 010, 14. - 16 6661661166 111. 10.
m.- 16 6616616166 101, 00. como: 61661060, 14.
6660611166 000, 11. 10. 061. 10.
060. 11. doemon 11610.
6666661666 66661. 00, 0. 100, 00. 066666160666 61. 66661. 160.14 (666-
104, 00. 010. 17. 407,10.467.10. quan 06666616666).
14 - 66116 66 16616 00410666· doemonium 106, 7. 107. 0016616.
66616666 1606161666116616661666- 000, 06. 011, 11. 011, 6.
116 060. 16 (of. 1166. Tm. 11. 0666611116 6661666. 000, 16.
LVII 704 0).- 66111166 00, 10. 06116 (6106166) 100, 6.
bonorum (6661.) 00. 0011061 064. 06166 060. 4.
0666116666(6661)060,10(1666 do: 661. 666 61116616 6661666 166166
66666666 inmotum). 11. 11111 0061, 60. 66166 007, 7.
66161666666661.110.7. 10..616646104616.-6661.--
mx: (= 6666111616) 166. 10.- -66661 661. 16116. 06 hysopo 666166 666-
0661101011. 10. 11601066166116166 000, 6.· 06 sorio.
100. 10. 0114. 010, 101666661166 6106 0616616.- 06 666 666. 6106
(166664, 1100171111. 1064) 066666
66661 homino· 1166666166 041. 17, 061661 06661 66666. (60 6661661666
cs. 66116. 66616 6666161) 004. 10. 070. 00.
6616666 not: 66661. 71.10. - 6611, 406. 0. 10. 400, 17 616.
16116 100, 6. 06666116 000, 0.
06*

 

