ΜΟ 11118888

uereor: 8. im. (mady, p. 118) 88, moecho 481, 81.

11 818. - moritu· (m.) 88881. 881118888808, 18

187, 8. 8188 meritum. 8818881818 td 1888888188 48, 88
8818181888 71, 17. (Aaou 08 lm. 8, 11. 18, 8).
neritum (81888,ρ. 119): praecipue mulfflnlo (8811),). 118) 888, k

801. cinq. 08, 88 818. - cuiun me· 8811188888· 88, 7.

riti 1818888 8881181888· 58, 10 multiplico: multiplicari 888888 nn

818. 81. ordo. 858, 18. multiplicato· Am·
minor: 881. 8818881 487, 80. - 18 858, 81.

deuotione 857, 8. multus: 18188 mults (cs. uliu', 8118-
118888 (My, p. 100) 887, 18. mn) 188, 8. - nulum 181881

848, 88. (Im. 1. 18, 5. 8, 84, 8. 8, 88, 8. 5,
81888888388818 suo minuitur 8188 5. 1) 88, 84. 888188 tapam

887,14. 888, 18. - 188118 mgis Ν, 18
nim: 8. 888881. 850, 84 (81. mugla). 818 8188 quum.

1888811181 nat. pl. 88081. (81888, mundanus (mady, p. 118); 881. 75,

p. 117) 818, 8. 404, 8. 84. 148, 18. 858, 8. 488, 7. 447,
miror: 88 nomine 817, 5. 5. 458, 8 (nunquan 8888818118) -
mim: quid mirum 8154, 85. 58, 17. nbat. phe. 81888. 858, 710888,

888, 8. - 8881818888μί 78, 18. 81. 448,11.

118, 84 (818811, p. 118). mundo: 18888888 150, 18. 811, 8. -
misceo: 881818 88 miscuisse 844, 5. 8188810818.

888818818188888188888118844, 14. 8888888(81889, p. 119) 70, 0 818.
88188888 8. 881. 807, 85. 8111188870, 7.
misericors: 88 exiguo 880, 0. mysticus 48, 14.
mitte: (188881) 50, 4. 810, 11. 888, 5. -

8. infin: 8881818 (1188818888 185, 88. 8888885 meanti· 811081. plur. 878,
moderor: 8888881818888. 840, 1. 18 (es. 888. 0101. 811 Gor. 1110).
modice: 8. mmor. 881. 185, 1. minito 48, 8. 54, 8. 57, 7. 78, 8).
nomn: modicum 818581. 8. 988. (ss. 85, 18. 80, 8. 154, 8. 158, 5. 178,

81881888881818888) 418, 10. 18. 175, 8. 177, 18. 178, 1. 8. 15.
nodut:(= 88118) hoo, eodem 818. modo 18018. 841, 8. 881, 4. 817,11.

(81888,ρ.107-108) 88, 8. 74, 10. 888, 80. 888, 4. 878, 87. 884, 84.

-8188114817, (888181188184, 88. 488, 15.

- 8. qen. ponderis uel 8888111818 ne ε noune, 888 non 8118118581.

aut 18 8888888188118185, 18. 8181 888, 14.

888,18.888111888,10.888888888 nequidem 88118 uerbo intercedente

88118 septiens 188881 88881884, (Im. 8, 8, 8. 81,1. 88, 8514,

18. - huius modi euipuce 1888- 1818888188818)888, 88.

quam, credo, 8188 188801 c. 8880. 88, quin: 8811888118 58, 1. 117, 88.

my. 15, 4. 18, 18. 48, 88. 57, 85. 800, 11. 870, 18. 884, 81. 488, 5.

140, 11. 810, 88. 880, 8. 808, 10. noblis: um. (Study, p. 180) cmi·

8. 88888188. 88, 81. 117, 8. 481, 15. 87, 14.

 

