[11.-111111110111111111111111111111. 539

111. 11111311
1111111111 11111111111111111

11 1111111111 1 sublimi 11111111111 1. 78-7011. 1111, 1111133031.
11111 109, 14. - 1111 compar. 398, 22. 80, 5. 90, 20. - 1. (11113214.
2347213. -1111101, 111111. 421, 1011111111 compar. 370, 111.

11. -1, m. 11 11 ‘quoa 111, 1111111111. 111, 1. 111, 11.
17, ''s- 11111, 11. 10111111 1011110111.120,22.100. 14.

101111111 rem 00, 14. - 11111111. 11 308, 13. 3711, 26. 337, 23. - quod
111.111111.1111.11,11. Ι 1111111111. 11, 11. 111, 1. 111,

amatim 111111. pro 1111. (11111111 111. 4. 301, 22.-111 10111. 1111111117,
422, 5); 323, 1. 3. 321, 18. 421, 21. 177. 23. 212, 7. 370, 24. -
24. 20. 434. l. 3. 10111 1 (1011101111 11...143, 18.

10111 (101111 111111. 111111. [11 370. 1011111111 1011111111 1111 11...4311.
18): 1111 111 10111132, 20. 11111 22. - 1111111 350, 3.

11111111 33, 4. 3711, 7. 1311111111 1011111 1111111 111110111111401..·1.
1011111 20114. 1111111111 1 11111111 1111111 1111, 11.
190, 10. 1111111 111111111111111111 prope 1111111

1011111 287, 8. acceditur 62. 1.

abnuo: 1011111 praes. 111111. 117. 22.·111111101111 (8111111, 1. 79) 303, 10.
11. 10111. 11111111111111111111 20, 9. 309. 10.

10111111 30, 0. 11111111 1111111111 43. 2.

10111111111 11111111 11 uoluptatibus 1111111111111237,11.

3111111 319, 14. 1111111111390, 2.

1011111111 217, 11. 1111111 11 1111111111 19, 7. 09, 17.

1011111 <= 111111111111111 303. 7. 321. 111111111 1101 11 11111 1101011111111
13. 342, 10. 401. 20. 90, 11. - 1111111 1111 (3111111,

11111111 (τ 1111111111) quid . . . 111111 p. 791 291, 3. 303, 23. 401, 2. -
11011101111111114. 1111111111111111- 1111111 11 111111375, 13. 111111-
111403,11.,-10111111111 111 111111. 111111 11 11111111 uerum 430, 2.
11111111131111117811 14111378, 111111111 (3111111, 11. 71711 110111.
4.-10111111111111111111111111,.. t: 11111111 1111111111) 410, 0. -
303, 7. - in absoluto 1111311111, 1111111 nita 1111111 11111111192,10.

⁸) 1111 11111 1111111 1111111111 111111111, 111111 11 011 1111111111101 11111
11 1111111 11111111 collegi. 1111111, 11 quid lexicographi· 1111111, 1111111111
111 1111111111ου· 11111111 11111111111 1111111111, 11111111 11111111 111111
111 111111111 111111 111111 11 11111 1110111111 111111 1 111111111111
11101111 1111111111. 1311111 = Α 81111 11 11110111111111. 01 Alexander
811111 (fem 111 31111111 111, 111111 011. 1111111111 1110111111. 1111. 111.
111. 4). 0111011111 1303.

 

