568 111. 131133

ubi. 33, 11. 37, 13. 131, 14. 133, (noi 14131 mm). 3134 3314, 333-
11. 133, 13. 333, 33 (3). 333, 11. 31443.
33. 343, 33. 333, 11. 334, 4.· 3. 33331434 = 433. d 14333 33414314
337, 1313).334,33.437,34.431, ammam.-
13).-3.333.4113)13.444331413 e. 13313. 33, 3. 33, 13 (3). 173, 7.
344, 4. ·-(= 3343331333, 33. - 334, 3. 4333. 431, 34.
34, 4. 137, 13. 377, 33 (My, qrotoni: 41333143 rso-110 3331334
p. 83). - (·= 3333 3343374 mk 33434 3433333313 33, 13.
eutheario 3333343333 33143333
13, 33. 33, 11. 37, 13. 133, 33. 34113ε 1343343333 313 333333 (Μ,
173, 7. 333, 3. 3. 313, 13. 313, 33. μ.137-133)13,13.33,1343-
333, 13. 333, 33. 433, 33. 434, 3. mundi (murino) 34114 (My,
(4333.13313113.11,13.1333.3, p. 113) 73, 3 313.
331). 3433343314 33, 33. 33, 13. 33313.
quin 4134 331. 333, 33.
quippo: 3443 3. nbi. (31433, p. 77) 343334331133 333, l. 311, 13.
13, 33. 13, 3. 43, 13. 33, 13. 33, 334134 (os. 3334) 13, 13 33, 14
3. 33, 34. 133, 7. 113, 4. 133, 4. (Aaou. 13 343113. 3, 14).
141,3.143,11.133,13.134,11. rebellio: 333134 dorm 73, 13. 13
133, 3. 133, 14. 177, 13. 133, 33. doum 373, 33.
137, 13. 331, 13.334,13.333,13. robollo: 333134 rogan 333, 31.
33313. 333, 33. 333, 3. 311, 13. reconciliator 474, 17.
333, 7. 371, 13. 433, 34. 433, reddo: 34313 41 3314113333 4131334
17.433,1. 473, 133). - 313313. 333, 3. (Story, p. 133. Am. 14
344, 33. 3131131313) 133434 reddi 41 41·
3314 (34133333 3313...1313113333· 1433 443,11.-313333,313331334.
334 33431 1313333333] 337, 3.- redemptio 137, 13.
333 modo 3133313119, p. 71) 3333333133 Imhel 1333.) 113, 17.
13 otc. ru'de numquid, 331. redimo: mondum 133, 13. 3333414
3313 (1333133 31 333 331334(31349, 337, 5. 44131333 373, 33.
ρ. 7343133313313113. 333. refectio: corpori· 333, 3.
13, 33) 31. XXXV 3333, 33. 118, refero: 3313331(13314.33434.)133,3.
7.131,34.333,31.333,34. 333333 333, 3.
3314333 (= quicumque): 113, 34. reformatio 33, 11. 137, 33. 163, 21.
quinquin: 33133313 longior 33131133 333,33.337,13.
333, 34. reformet 33343331 13313. 137, 31.
qood = 333.314’3)13.ρο4143333 31 14334333413341313333333134134,
3333313331133111 41 adorandi: c. 8.333,31.3433433 3333333314·
13313. 133, 13. 143, 3. 313, 11. 313, 3. eo· 333 vanitantium 313,
374, 14. - 3. rub& 17, 13. 33, 3. por 343311331143343 331, 3343.
3. 73, 3. 33, 7. 143, 3.134,17. 333,33.33.334,13.333,33(44334).
1331317313. 133, 133313. -33333434143313 43343 331411-
333, 13. 433, 3. 443, 17. 437, 33 nom 333, 3. - intr. 333, 33 (1)

 

