508 11. Index

8818, 8888 18818 8818888, 1111 88818 commixtio: 81811 8188 commixtim
888181888 817, 8. 817, 18. 18. 818, generator 18 888888 188, 8. rr
8. 881,18. 884, 18. 888, 8. 7. 8. commixtione 1111 hominum 88881888
877, 11. 88. 878, 18. 80, 881, 8. 8. 8888 887, 88.

888, 18. 88. 888, 8. 887, 88. 888, eommunis 88881188 88, 1088.

4. 481, 8. 484,18. 188, 18. 418, 88888818888818 811888888 88 88888

18. 418, 8488, 18. 488, 18. 481, 811888888 88 8881888 8818888488, 8.
8. 88 8881818 88 diuortio 1888888818 88881888888 188, 8.
Christi 8881818111, 81, 881888 888 888888881888188, 7.
8188881 8888 cooperunt, 88 81881888 88888888888 188, 7.
888881888888 18888888, 88 1888818 8888888888 81888818 8888888188 18 oe·
88 88881888 88 88 818818 88 18818818, 818818 88888 888 minine 184, 18
8818 11888 1188818188 1818 88 8888- (88881888818) 188, 11.
88888 88 moecho 18818 888 8888, 88 888881888888818818888881888881818.
omniurn 8888888 88 88 1888888 88 088818881888 848, 8.
88118188 iiior 88881888 roomo 0888188118888888888 188888888818888-
481, 17. 488, 18. 418, 8. 448, 17. 8888811 monitorum 888 8881181818
441, 87. 444, 8. 488, 14. 18. 481, 88888 0888888188 1888888888 18
11. 18. 484,14. 484,88. 488, 8. 84. 8888881818 ciliorum 888888888
88. 488, 88. 471, 84. 478, 88. 478, 1. 848, 18.
81888 886, 7. oomni: 81, 881 88888188 8888 888
81888818 881, 84. 8881818 honorantur, 8888888 18
8188888888, 8. 17.884, 11. 8888 188, 81. 81 88 8888811888
circumcisio 888881. 18. 18. 88888 8881818888818881888811188888188
888888 818 888881. 29. 888888. 50. 888188888188188811818888881888
888. 888. 1881. 51. 888. 888. 1881. 881818181 ‘corn 1118 8818 8818 888
80. 74, 8. 88. 78, 888. 18 88. 77, 8817’ 848, 18.
8. 18 88. 118, 88. 180, 88. 188, 188. contradictor 171, 8.
188, 18. 187, 81. 8888 888 881888 8881881881 888888888888 888 888. 888
8188 881888 81 888, 17. 488, 8. 1881. 88 818.
445, 88. 468, 88, 478, 8. 471, 8. 11. conuenire (= eonoomboro) 8188 Chri·
(1188888 181, 88. 8818888, 888888.
clericor: 88 non 888818 ministerio 8888181888 uidemur 81888888 terrore
obroqoiorom por ordinem 88888 8888 8888888888 888 ogere 888 888·
(diaconi), multitudo 18818 8188188· 81818 187, 8.
rum 185, 4. corrulo: potori 8888818 8811888118
8881888 scripturae 488, 18. corrulo odprobrri 88 88, 8818118
coeptus: 888 parilitatem recipit 8888- 8188 818 88818 188, 7.
tum 88 rotomum 888 8811188888 8888888111 rotem 81888 8188 8188 88888-
178, 18. 8188888888888881818188888888881.
888188818888 888 888818 888 888, 88. Corinthii 818, 88. 888, 1. 414, 14.
88888181881888888888) 88888818888 Cornelius 888. nou. 1888. 88. 881,
imperatorio 88 comitum 81, 88. 14. 440, 18.

 

