516 111. 12222 uerborum 21 elocutionum

21211122 50, 2. 200, 14. 222, 10. 244, 15. 422, 2. 421, 12. 420, 18. 421,
15. 211, 21. 11. 424, 20. 442, 12. 412, ss. -
ultor: 1222 ultore 220, 12. 21 2212 .- 2212 12122212. 51,14
uude: 12122 2212222...211(122211), (1). 208, 0. 12. - 21 2 pluu-
2222...211(21211,122211212.)(21222, quanm. 2221. 52, 10. 102, 2.
ρ. 24) 14, 12. 102, 21· 212. 2212 112, 5. - 21222. putu qun 412,
21121. 222121. - (-- 22 22222, es. 5. 421, 2. - 21 quid? 85, 15.
1212212221222222222222212222· 151, 5. - 21 222 modo 21222222
222) 48,12. huc 211 2222 121111 122, 1. 222, 22. - 21 2122122122·
54, 21. 2221. 50, 8 (11221. mum
22222122 (sumu, 21. Any. umus· 10, 22221222). 455, 11. - 21 222 =
2. 2222221. 12221. 2, 125 quater. Pu· 2212121 112, 11. - 21 = eur:
11122. 0122. 14445δ [2222. VIII— 2212 222222 121121...100, 10121.
121121. 25) 122, 2. 2212 222222 221 21...222. 2222.
2222221221ε 22222420, 14. um. 1, 15, 28) 21 2221
uolo: 22112 22112 245, 15 (11122. 222. 222222 210, 11. 22222 ergo 221
12.-4222. 22222). 21...422, 2121. 2222 22222 1211
22122222 plur. 212221 252, 2. - 21...1222.3,1812“1.). 2222 igitur
222 (prophetam) 112, 2. 212122 22112 221 21...240, 20. hinc 221
120,1.22222 242, 10. 222, 4. 21....216, 1. 222, 11. 2212 221
22112222 2222111212 225, 22. hue 21..102, 10. 202, 12. 2212
uotum: 122211 uiuere 202, 2. 11122 221 21222, 5. 2221 2222122
urguo: 2. 2222112222. pau. 117, 21. 12221122 2212 221 21...121222.
usquo: 2222 22222 (21222, p. 122. p. 72) 22, 4. 24, 2. 22,4.42,10.
11122. 22222 22221222. quinquies). 48, 11. 51, 12. 24, 2. 12 22, 28. 00,
201, 12. 212, 14. 1. 100,1. 11218. 111, 12. 122, 2.
usurpatio 12, 5. 411, 2. 142, 1. 150, 18. 225, 2. 201, 11.
um: 2121 rmum uuum 1222211221, 228, 11. 221, 4. 222, 1. 201, 1.
24.-2122112222.112221.2122. 482, 1. 422, 12. 442, 1. 12. 444,
V [1204) 210) 141, 1212. 18. 448, 11. 428, 20. 421. 0. 412,
ut: 22112221122222 21, 2212 adunat 17 (Am 222 5121112. 10, 1. es.
(0221111222. Auo. 2122. Tum. 10, 4).
cs. 22 2212) 22, 5. 22, 11. 41, utor: mulieribus 428, 1.
10. 1210. 14, 18. 11, 2. 184,18. uulgus 22222. 812, 8.
14212. 145,11. 152, 2. 122, 2. 118, uultum 2221. 22, 5.
1. 110, 4. 181, 11. 121, 20. 188,
4. 108, 2. 205, 22. 201, 8. 252, 2. 22122 2. 222. pm. 858, 12.
220, 20. 248, 20. 242, 25. 852, 22. 22122 214, 11. 454, 8. 22222121122211
882, 10. 25. 210, 14. 225, 4. 418, 21, 20. 421, 24.

 

