uerborum 11111111111111. 571

11111111 mv· uo) 1111111, 111, ιι. 111, 1. - e. 11111.
1111111111110111111111111 11111111 11311111 (My, ρ. 141-141); pbr.
11 abun-uit 14, 11. 111, 11.
1111111111 mli 111111 subplici· 111 = 11111111111111111 11111,
111, 11. 1.111111111111111,11.401, 10
11111111 hoe 11 111111 supplicatur (11. Am 111 14111110, 11. 11).
141, 1. 1111111 nini 111111 suppli· uum: 111 111 11 1111 11 111111 que·
111111 141, 1. 11111111 111, 11. - 11 1111111111
1111111111111110,11.111111111111. 1111111 111, 11 (ᾳ. 111111, 11-
11111111 potent 1111111 111111 111, 11111).-1111111 mmm
14(Δ11111.1111111.1,10[1Ι. 7, (pro 11111111 1111111111114, 4.
η. 14. XVII 411 D. plu. 1111. - spuunt-soro 111 141, 11.
11111114, 4). 11111111 111. 1. 111, 11411, 11.
1111111111111111111111111111 111- superabundo 10, 14. 11. 111, 1.
repo vasatum: 1111111111 1111 114, 1.
1111111 111 1111 114, 11. - 11 1111111111 (M, p. 141) 10, 1.
1111 11 quibu· 1111111111 111 illi· 111, 11.
11 &linquerent 111, 14. qno· 1111111111 111,11.
11111 subreptum 111 suti· 11... 11111111111111141,10.111,11.
141, 14. superficias: 11111111 11 1111111111
1111111111 11111 111, 11. -11111- 1111111111, 11
111111 numento (111111, p. 141) 11111111 (mm 11111111) 11, 1.
101, 1111 1.11,4. 111, 10.
absim: 10111111,14.111,1(1). 1111111111, 11. 101, 11111, 10.
- 11111 abl. 11, 11. 11, 10.. 441, 10. 441, 11. 414, 4. 14.
111, 1. - 1. 111. 41, 1. 110, 10. 11111111111(111119,ρ.141111,11.
111, 11. 111, 1 (1). 1111111111 111, 11.
1111111111111111,11.111,1.111,1.1. mlum 1111111111 (m 11111-
111111111111111,14.111,1. unt 1411. 1111111111 111, 1.
1111111111 11, 11. 11111. 14.111,1.11.110,11.
subtiliter 101, 1. 111, 1. 111, 10. 111, 14 141, 11. 111, 10.
1111111111 411, 10. 114, 1. 11. 11. 11.111,1. 11.
ndo: 1111111, 11. 111, 1. 111, 14. 114, 11. 411.

anensium (11111,1.141)14,1. 114, 11 111.
11.111,4.141,11. 1111111111 in 1111111141, 14. (φρ.

mmor: 101. partic. praa. 11111. 1111111111)110,11.110,1.111,14.

(111111, p. 141) 41, 1 ete. nuperum: illud 111111111111 111,
numo (My, p. 141-141); 11111. 11. 1111111111Μ1...111,11 etc.
11111 111, 11. ·- 1. 11111111. 1111111111101, 11. 111, 1.

111, 11. bon 441, 1. - 1. 111. 11111 mmm 11111 11111111. -11111
a 1111. 111, 1. (401, 11) - ax. 11 dieo (111111, p. 141) 111, 11 ete.
111111 e„ 111441, 11. -1111, 11111111 (M, ιι. um: 1111111111

 

