548 111. 18188

mm: 188 818 811, 18. uno M, 8.
bobbium& 1η88881888888ὓ888ῌ8.
mineum& 1ηι88888818818888.881,18.
18118888(81818,8.181);18ς“8 178, &pube-maim. ml&

188888888811117811. 11818818.
1811888888888188811888118. 188818614888-888888.
18188 81 tn 1811188 888, 1. νό4181.μ8.18,88.188,88.881,
181888881881818118878, 8. “Amin-emptum·
1818881881888881181881-88888- 211, 11. με. 811, 8. - 8 888

8188281118. mmmmm&-
181ι1888.88888’8181.μη18- 8. 888. 1888288, 11. -8888

1881888 811 (ι unm· 811) 811· 8888118188888818ἈΙ111.

8811 (M, p. 88) 188188, ssah-emmim&

22 221,1.271,12.8888.8881 m'lssm -888888881888

8181818, 11. -88886888181 8118888811, 88.

281, 2. 18188118 28), 17.

181888 (81818, ρ. 28. Bm, 10·- doem: 81 178, 17 (α. 1818818).
adiumnti-mum mamam-lom
(8881218188 18188, 8. 178,18. baffio: k. 18, 88 q. 171( 22.
mmmm. mammen-m&

1888188 pande. 18188188 818, 1. 1881888 18. 811. 181, 18.

1818818 188, 1. 218, 18. Μ, 18. w, 1188881έ18 28, 7.

11 (nunquan 8 roris). 18888888 qu. 8188. μὴ «lum
1818888118 87, 2., 188 178, 2. 6. prum
defungor: pau. 18188818 8118 888, 2. 18 uum (My, p. 1005: pro 888
1818188 (My, p. 28 888, 8). 188881(8881888111,88.8881818881

187, 11. 888 1) mqu- 18 888 888
1811888 811, 18. 818, 8. 88,12.88(2.88,28.278,18178,81.
181188 12, 8. 118, 1. 118, 28. 187, detego 8 m. 8 infin 881, 18, 81.

28. 281, 8. 882, 28. 828, 17188, 1. 1888888818.

‹lulag-tio 287, 21. 18181888 (Μ, ρ. 18818 mm

delinquo: 8888818 quae 18 18881888 11. - M 1818. (888111818-
181188881881 72, 11. riom) 118, 21. 122, 11.

181818 187, 1. 18118888 dp h 818. (Μ p. 188)

1881818 281, 28. 118, 10818

denogo: 11188 172, 28. - 8. 888 81 1818881188 plu. 18811. 178, 11.
infin. 821, 22. 18888188 8181188 818, 28.

1881888 (Bady, p. 71) um 88188 donabo: 1818. 8 181. (1888.)188,17.
1000.- (= enim) 81, 7. 18, 7. 88, 118, 21 (4. derogo).

18. 187,11. 12818. 127, 8. 181, 1811888188888888818881 18 1811·

8. 28. 118,1. 181, 17188, 12 etc. 8888118 81 8881888118 288, 18 -
188818 8888818118. 182, 12. cinq. 81881. 118, Β. 187,18. 18

18881188 272, 12. (My, p. 27).

 

