   

scriptorum. 499

051 5, 17 ...... 51. 224, 7 Tit. *5. 4-7 ....... 572, 2
4, 12 ....... 51. 575, 22 5, 5 ....... 51. 211, 15
1155..4,12.15 . . 51. 475, 1 8, 7. . . . 51. 24, 7. 572, 15
5, 5. . . . 112, 25. *242, 15 11555214 ..... 51. 851. 8
*5, 25. .455, 17. - 51. 577, 21 5, 4 ....... 51. 105, i2
11 Tum. *2, 4. .252, 22. 802. 84. *7, 1. . 257, 8. — 51. 258. 7.
- 51. 205, 5 257, 5

*2, 5 ......... 457, 20 *7, 1-5 ....... 252, 2
2, 8 ....... 51. 457, 20 7, 2. . . 51.252,15.255,22.

5, 5 ......... 155, 22 28. 257, 15

1 Tim. ·1. 8 ....... 120,11 7, 5. . .254,15. 15. *255, 1.
1, 2. 10 ..... 51. 25, 14 255, 5. *255, 11. 255, 14.

1, 17. . 51. 15, 18. 18. 818. 8. *257,11.-51.257, 17. 22
884, 18 *7, 4 ..... 252, 10. 15. -

1, 18 ....... 51. 454, 18 51. 257, 17

2, 2 ....... 51. 858, 28 ·7, 7. . 257, 8. - 51. 258,18.
2, 4 ....... 51.555.10 281, 28
*2, 12 ......... 45,15 7. 8 ....... 51. 257, 21
5, 1-7 ..... 51. 125, 4 7, 25. . . 51. 257, 21. 255, 12
8, 2....51.55,24.505, 7 (*5,5.5) ....... 75, 4
8. 200qq ..... e1.414, 2 11, 5 ....... 51. 75, 1
*5, 7 ......... 155, 1 11,55 ....... 51455, 1
8. 2 ....... 51. 24, 5 1515 (2) ..... 51. 188 14
5,10 ....... 51. 505, 7 155 1,12 ...... 51. 55 21
4, 2. .51.402,5.11.15.407, 7 1 17 ....... 51. 52 5
*4, 14 ......... 154, 4 2. 1 ....... 51. 250, 15
*5, 14 ......... 414, 22 2, 5 ....... 51. 155. 15
*5, 5 ........ ·.555, 15 2,25 ....... 5525522
5, 15 ....... 51. 174, 12 1 retr. 1, 5 ..... 51. 57, 14
5,15....51.15,15.555,15 2,.11...·.,··...51.152. 5
5,17 ....... 51. 51, 15 *2, 21 ......... 441, 1
11 Tim. 1. 5 ....... 552, 7 5, 12 ....... 51. 155, 5
1, 10 ....... 51. 115, 8 4, 5 ....... 51. 275, 15
*1,12 ......... 222, 25 5, 7 ....... 51. 551. 5
2, 17. 15 ..... 51. 215, 20 5, 5 ..... 20, 5. *205, 7

2, 20 ......... 215, 15 11 Patr. 2. 1 . . 51. 152, 22. 275, 15.
8,15... 51.105,25.454, 5 2527512
4, 1... 51. 275, 15. 250,11. 2, 10. . . 51. 152, 22. 275,15.
525, 15 25. 272,-12

4, 5. ,51. 155. 12. 512,12. 24 2, 17 ....... 51. 115, 8
τι1.1,7.......51.505,7 2,20.21 ..... 51.270,22
1, 8 ....... 51.551,15 1 151ι. *1, 1 . . .554, 25. 555, 2
2,12 ....... 51. 458. 5 *1, 5’. 8 ....... 207,12

82·

