uerborum et elocutionum. 553

(1111111410, 4. 400, 11. 04. 100, 8. 11.-1101111 311111 100, 17. 007, 00.
0130111111.(801103,ρ.107)011,01111. 11110111110111311111410,11.-
11131110111 1110.(001011,ρ. 107) 000, 1111 311111 (Meyer, Joeme Ρ111111.

4 ete. mx [1001111718010. - 11111
111011101111101,0. genere 107,10. 100, 7. ·- omni
11111111 000, 1. 311111 11. XXXV 0000, 01. 107, 00.
1113111 aee. 1113111111 001, 1 (10111- germino: 1111110111 001, 10.

311 107, 04). 3111 (= 11111) 00, 00 100, 10. 110,
111101111 000, 8. 04. 000, 17. 000, 10 (11111 10).
1111111110.(00103,11.107)11000111. 410, 10. 400, 0. 404,11. - pree·
1111οή011 100, 17. 1011111111111). 111110. 3110111010.
111110111 1011111 01113111 1111101111 31101 (801103,ρ.100)100,10.000,

110 000,18(11. 111,11111111,11- 0. 04. 000, 00. 001, 0. 000, 10 011.

111011). 10010.

11111101, 11. panudium: ed indicendum 1111110
11111110 131111 11101 171, 11 (11. 11110111 070, 10. 10 pariendum
phyeiee 1101111 1111010. 111 Rene. 01111410,10(11“111111111111.).-

prol. 1111011. 1000). 11 regenerandis (= 11311111101)

111 1101111 offleii· 104, 17. - een·
3111111111 re 108, 00. 407, 01. tri-tendum 11 01111110 470,7. 11
31111111 01, 0. 00, 0. 00, 00. 100, contristandum 113110111ίο 470, 0.

17. 100, 17. 400, 1. 100, 10. 111001οω011 11 dixit (= ee oper·
31111 inpete. 107, 00. tere 11101110111) 470, 10. eleri-
311111111 31111111 1101111 00, 11. 0111011111111011111101110170,00.
3111111311101, 14. 3111101170, 10. 000, 11.
31111111οσ1 110, 1. 31110111 111 eet 10. . . 08111. 3111111
3111111111 11113. 00, 0. 100, 0. 117, 1111111101111111478, 10

1. 178, 10. 170, 0. 0. 100, 01. 181, 3111101011 400, 14.

1. 0 011 000, 11. 071, 10. 17. - 31101111 001, 21.

11111. 88, 00. 101, 10. 400, 1. 3110111111 1.101.407,17.-1.111.
311111011 107, 14. 1011111. 400, 10.

31111111011 174, 1. 004, 07. 3101111οτ11 000, 00.
3111011111 011111. 11110101 eulmen

1111111101 temperie 108, 0. - poet 1110111 1. 111011. aet. 11. XXXV 2288,

1111111. 00,14.101,10.008,10. 01000, 10.-1011111111. 11.

080, 04 (001103, p. 117). 11111101101024010110,
3111011111 pler. 70, 0. ex 3110111011 0. 070, 18. 1111111(11·11. 0, 00, 0.

queue· 1111111111 111, 11. 1.1,11,1.11,1.11,1)11,11
3110111011 00, 10. (30100ιο 109). - 11011111 1111·
31111 = 111011 (001100, p. 1117- 10101101.οὼου 011, 11. hee.

108)1 1101111 3111111 00, 04. 47, 1111111111110111111111111.

00007, 0071, 10000, 00. 000, ··· 11101 effecum 1111110. 11101-

22. 040, 0. 000, 00. 08010. 471, 011 0111101 0111110101 10 domi·

 

