55515555 51555555. 551

11115515 555515, 15 55155155151555 1551555 5511151555 5511555 5551151, 2.
Helu-uum 4555. 1555551555 55 555 551551 55555511-
syri· 252, 21. 555 51555555 5555551515551, 51, quit
Syru· 25512. 5555 5551555155115555155555511,
aliquod 11155555 5115151 5155511555
155555555555155115....5551555 15551 5551555155555 255, 22.
515555155 555555 525, 25. torqueo: 155155 51 5555515155 555
templum ε 555555 5551511 upp- 551. 55555 5555 51511, quud nequitur
1551. 55. 215, 22. 55155555 pro 5555155 155·
temptatio quum 22. 55551555 pro· queri 15 555155 555 515. 222, 5.
511 551 555515 51 55511 5155515 15551115 15155 officium: 515155 15
quud. 112 5 10. 55555555 55 511515 5551515 ungulis 55255555
5555555555 51, 5115155555 5555515 555 1555155555 infunditur 551155·
55 555555515555 511,12.515515- 115 151, 5 (es. 151, 1. 155, 4).
1155555 155515115555 51555515 55515 1555111551 55515515511555 55151155
55515551 515. 411, 1255. 5555155 1515555 55551155 151, 11.
1555515155 (5155 51555155) 555. 555. 11551(ε5]555511)181,11.555155·
1551. 25. 515515 2255. 5551 22215 (d.
15555555 (aaa luuuruu): 5555515155 222, 11. 22). 55555 5515 5551 5555
51 ignoratum 555555515515. 155555155 225, 1. 551 55555 551·
15555555 1551 551555551551515152 155515 155511 225, 5. regulum 155·
155551555551 oswal-XXVIII 51115515 5555151555 quu 555551555·
11222] uuo-292). 155 55515511 5555155 251, 12.
tom: quid 55151 5155155 15555 55- 15155151155 1515515115 555515 5555555
55515555 dun? 555551. 58. 555 551 5555115555 255, 1 (uu 5555
terrun 551555 5511 1515115ςί 555 mammutium
5551551155 5551555511 22, 12. 15555 15155555 5155 1555555155.
5511155 1555551555 quui 555 555· Tripolin: (1555555115, qui uupru
5555115 55, 151555555515551555 Tripolim 51555555 5551, 5551555
551 25512. uum 55155 525, 525, 25.
15 du 15151155“(5155 5515155155, 55555555·

umanum 12, 21. 155) 55551121. - 2225555115
15515 15, 5. · 55151551 protentione 5511555555 151,
15555, 15555 (puter Haunuu) 151, 12. 55155 5555 5515555 innuantur

25. 255, 21. 255, 1. 151, 21. 555515155 5115555155 555·
155555 515555555551 51551555 15 155· plectitur 1515115155 155, 21. 555515-
5555 55555 225, 2. rium 55155 55115 151511515 55555155
timor milidunum 55511 455, 15. 155, 15. 315515 551 15 51511515
''sinotum-qm, 555. 1551. 50. - 555555555155125,25.15151511515
15212141, 22. 555515555 55155 55551551 155, 22.
11151555 51555 1555555555 555115 1115115 5151551555 1515115115 151, 5. 511, 5.
5555555515 211, 5. 15111555 555 55551 15151155 5515
155155 quau. 112. - 1215 2. 552, 21. 151155 55515555 55151555

 

