528 11. ι1111

1111111111111041,0. 11111111 m 1. 11111011 111111
1111111111111111111111111111400,01. 111111111111(111111111111111111111-
1111111111 111111 11111 1111111111· 111111)111111111111111111(11111’11
11111001011111111111111111111· (11111111) 1111111111· 11 111111
11111 (111.) promum 111111 11· 111111 111 11111 410, 1.
-111111111111111111 11111111 111· 1111111111 111 1111110111 quant
11111111111111111 11111 1111111111 moui 845, 10.
180, 0011. 1111111111111111111 11111111111111 0111101111) m.
1111111111 111111111 104. 101111 100 (1111111111 55 1. 0). 181, 10.
111111111111. nb 11111 111 1111111111 m, 11.
11111111111 (uide 11111111, 11 11. 111111 1110111111 prasini·
01111111, 01111111 &Manum 11101111111111111111ῆ111111
111. 11111111 11111111- 111111111111111111-1-
qni· 11111111111111 111111111, 111- 1110101. 1111 11111 111 11111111·
111 1111111111111 111. 000, 5. 11111111 11111111111110 001, 11.
1111110111 (11111 1111111111ιί1) 414. 11111111111111011110111 nbi·
011111. profusionem 1111111111.111111·
11111111 111111 11111 111111 111111111 1111111111· 0011011 daml-
00, 00. 0010011111111111111111υ1·
111101111111111. 101. 11 1111111111 111 11111 (1111) 111 11111111
1111101111 111111111111111111· 000, 0 (11. 0001111111 111111·
111111,111111111111111111100,11. 11111 111111 11111111 11111111 111·
Ρ1111111 Liber ubique 1111 011111 111111111111111111111110015.
1111111111111, 1111 quo 1111111111 111111111 1111 11111 1111111 11111
1111111309, 11, proficit 010, 10. 015, 11. 411, 0.
primiscrinius (1111 11111111 stubi ammam)
111 01111111111111. Hm· 111111111111111 111111 1111

mo: 11111 1111111111 111111 prini- 11111111 11111111 11111 1111111 11·

scrinium 100, 10. 11111 1111, 111 111111 ‹lo-m 111
111111111 111111111111111111 110. 1111111 1111111111 11 11111ὀ111

4. 1111. principes 11 1111111111 011, 0.

111111111581111. 111111111 111 111111 1 111111111
1111111111 111111. 1001111111] 111 1111110011111114101071.

111111111111111111111111111111 profetis: 1111111111111111111 1111

in 111111 005, 10. 111. 11111111 111111. 106.

priuatus: 111 111111 11111 111111 11111111111111111111111
1111111111 11111111 80, 01. 1111111111111111. 01.

promia: 1111111 1111 processioni· prouincia 11111 111011.
aliquado 0111101111 (1111111111) 1111111111 111 1111111111, reprehensio
111 11111 1111111111 410, 8. 11111 111 000, 00.

1111111111 1111111111 111111. 117. 1111111111111111111111111 1111111ιὶ

procurator: procuratore· 11 1111111 110]1111111111101111111111014,01.
111111 1111111 11111 1111111 111· 11111101 qum 101 5 0.

 

