503 11 111611

111111. 11111 1 1 .................... 11. 331 11
111111. Η111. 111 .................... 11. 844, 1
111. 1568 ...................... ut 345, 1
1111.11133,6.37,4 ................... 1146811
Lucu. V 333 1111 ..................... 11. 315, 11
eaerulus 33, 10 ..................... 11. 111, 13
8111111. 011 7, 6 .................... et 336, 8
71111. 1611. 11115 111. 1 ................. 11. uu, 1
Veug. 111. 1111 563 ................... 11. 85, 1
7111. 111. Vl 100 ................... 11. 114, 11

11. INDEX NOMINUM ET RERUM.)

111111 app. 1111. tat. 48. - 33,16. 10. 67, 6. 33, 5. 31, 13. 137, 13.
35, 6. 8. 36, 8. 83, 13. 16. 30. 143,15611.354,13.355,13.ὔ6,
33. 34. 36. 84, 3. 11. 85, 17. 36, 3161133313. 330, 13. 17. 331.
3. 87, 10. 88, 7. 9. 8114. 16. 366, 31. 337, 14. 316, 35. 650, 37. 357,
13. 831, 37. 431. 35. 34. qui fornicatur ideo 111 corpu·

1511 quaest. 5. - 33, 15. 101, 35. 151, uuum peccat, 11111111 totu· 16111
13. 381, 11. 'contaminatur 453, 11.

1511111111 370, 14. 386, 14. 300, 33. 161161111 solemus 61 aliquo 611111
467, 10. ‘adiudicatus 110111. 468, 1.

1511111111 117, 4. 1611111111 11111111111111,11116111111

Abraham 11161 1115115111. 1116116111111111111111111 3861.

15111111111111111111 1111111111 1111 adoptati: in mundo 16111111 15 51·
338, 33, 16 111, 1111111111 prosun- minibus 6111 nullum pignus 116
ditus 333, 5. solum 11111111 accipiunt 330, 34.

111111111319, 3. 10. 330, 8 111. aduersarius (.-= 61151111) queat. 70.

Achab 303, 35. Ι137 ,6 11. - 31, 34 111.

11511111111. 36. - 410, 3. 16111111 1111 111, qui 1611 611111·

1151111111 87, 16. uentum. 111 1611611 eum, quem

11511137, 3. optut 515111 propitium 443, 13.

1111111611111111111, adulter 314, 13. 340, 13 11. 410, 3

6611111111. 19. 33. 56. 133137. adulterium 77, 11. 446, 13.
1111115143. 11.-21133. 30, 1611111111 1611111111111 more 111111

⁸) Ubicumque 111 plenius 111 11111111, numerum quaestioni· 1111111111
minutum, 1661111. 61111111 librorum 111111 scriptum 1111111651
praecedens quoque 111611 11111111611 eut.

 

