uerborum 88 elocutionum. 811

188, 11. 181, 11. 18 11111, 18 88811888188881881811,11(88888888
18 11118 11 118, 11 117, 8. 181, de 8818188 om).
11188,8111,11.181,1.11.188, 88888888 Ι. mv 1181, 81

8 184, 11. 185, 8181, 1 18 841, sequor: 188 88888888 (Hie. 481181,-

11884,11881,14.881,8811,14. 4 888 - 888188 8888888 888 Μ,

18811,18881,8 811,11411,8 881. 8888)-8881888 888888888-

414, 18. 418, 1. 481, 8 888. - 88888 8818888181-888888·

m. 8. 88188. 818188 14811- 818 (perh 81881· 188141811.

plur. 8188 epita. 111, 18 118, 11 mnium: exhihere 888818188888181818

111, 11. 181, 1. 8 11811. 188, caerimoniis 81, 4.

18 18818 18 18 8111 11. 814, 8888888 81818. 18. 818, 1.

18 401, ι. 88888 48818. - mmmmmdx-

8188. 8. epist. 888881881881· 88888)

8188818188188888881888888) ui: 81...188881888. 818 8888...1888·

88, 11. 8888181888 (18888881, 88188 88888418, 11. - 81 888 uhu:

28188, 1Μ88.888888881.1188888,’ 8188 8818. - inim. 18 8888.

p. 11,·1888. 1, 18, 3) 181, 8. 18811 8888. 11,11. 11, 8. 81811. 418,
naut-buin 111811. §.mmmm 8188818818.
8888888 pm 881, 8 188, 8. 111, 8 111, 18 181, 1.
888888 chri-tinnitu 188188 omnibu· 884, 8. 8881188881 88, 8. 111,

8888188818 11.848,18.811,881...88(8“888“8.)
8888881841, 8 48, 11. (ube) 88, 11. 118, 8. 81
8888888888 (18) 8888 (My, 8118. ...888 (88881.) 111, 1. 81...888 81

pamm 1888.) 88, 11 888 (18818.) 881, 18. 81...κί (m)
88888888 88 (Suum 137)41,18 188, 18 8188 intem - 8881

818. - 8818 (es. 888888) 188, 11 (= 8881) 18, 14. 418, 18.

118, 18. 411, 18 - 8888 488, 8 81811888 8888888888 81, 8.

8888 888 88188 (888)... 888 88 (888) 8188888 18 81888 88818888 81, 11.

8188 881818 --1881818 8888 11, 11. signaculum 11, 11.

14818 8888888888818ὴ181ῌέ8,
888888 8888888888 111, 4. 11. 818, 8. 418, 1. 88888 c. 1888.
8888888488, 8 18811. - 8818188, 11.
88888888811,11.418,11. 81881188 simili 8888 (qr. 81888888·
seductorius 411, 11 dy, p. 118. Aaou. 818 Hm. 18,
8888188 41, 18. 111, 8 818, 18 (888· 8) nepe 18 intuo 8888881188 81,

1888 81 Aua mun). 14 888.

8888181118118,11141, 11. 8181118888 nepe 18 188818 menuae
8888111888 11811. (My, p. 118) 188, 4 888.
8ω888818(18881818)88881881888811,18 singuli: per 8188818 Mon 88, 11.

11, 11 888 nota 8888818 88188888 818888 8888888888 8888 88188881 111,4.

8888888188 118, 11. 888188 ,8. 888. 88 888. 111, 18 111,
8888881888 88888888 menbrorum 11, 11. 411, 1.

11(Μᾶ8818188888888). 8888888 aidau 888181 mm

 

