598 11. 1111111111111111111111.

in 1111111111 (1111111111 1111111111 qnod 1111111 111111011111111111
991,17. 111111111111111111111111111 impedi 11111111 1111111111 79, 91.
99219.11111111111111111111 111 1111111 11111 11111 dinem 11111111
11111111 ned 11111 nub 111111111 111111111111111 11 1111111111
1111 11111111111111111424,12.111· 929, 7 etc.
1111111111111111111424,21.1911· 11111111(11’11111111111111 19111111
111111111111111111111...1111111111 11 111111 11111 11111111 1111 157.
111 donum 495, 15». 29 (6. 117. 24). 1111.. quui 11·
1111111 111111 mediocri· 11111111, mim... 11111111 1111111111 dei
111111111111111,111111111111119111 11111111111111111 299, 19. chri-
1111111111 111, 29. 1111 11111111 111111 1111111111111
turpia: 1111111ααί11 1111111111 11111111111111111111110112991.
guntur, 1111 pudoris 11111111111 11111111 111111 uirgo„
999. 17. 19. 22. 999, 20. 922, 14. uindicta: 1111111 nequitur m 911111·
’11111 129, 19. 1111 personum 99, 29 111.
uinum 920, 4. 929, 19.
11111101 420, 19. 111 quaeat. 197. 11 1111 nm qni
111111111 111111111111111111111111· (1111111111 habuit 111111 949. 11.
torum intellegunt 99, 4. uirga: uirgis pistrino 11111111 11111
w: 1111111 mundanda 1111111111 1111111111,111111111111111111111111
solliciti 409, 1. 1911111111111 999, 7.
11111 11111 quui per nentrum 1113111111114417111.
11111111 911111111 praesunt 111111 uirtus: uirtuti 11111111111477,1111.
denuitatem 279, 11. 111111111 1111 1111111111 11111111
uenenum: ueneno 1111111111 per 111191311190, 9.
qnod 111111 279, 21. 11111111111· 111111 11111 111111111111111111111111
1ο superari 9.·11, 7. utero 1111111199. 2. es. 99, 4. 911.
0111111111. - (111111)929, 19911. uocabulum 11111111 1111 111111 in·
111297. 19. 11111111991,9.1Ῑ.1’111.11111.111111.
uerbum =.- 1) filius (1111111111. 122. 11111111111111111111111111( ·
uerbum 911111 nuncupauit 11111) 3111111111.1111111911219111111.
9119. 1992611111. 2111111111· 11111111 (11111111111111111 (01111111
01111111111111111111111199,7. quaeat. 79. 125, 12. 14. qamt
11111 uerbum dimanabant-ignia· 11.-1 §.5 11. 111. nou. 1111. 91.
11111111 497. 15111. 499, 29. 211111. quid 111 14, 29. 99. 2917121.
11111111111111 111111111111111 11117, 199, 1611. 192, 21. 197, 24. 9ᾔ,
29. qm 111111 poterit 1111 11111- 0. 9. 996, 19. 409, 11.
1111111 ueritatis 11111 1111111191 1111111121 111.
11111111 912, 7. 11111111111111111
resurgit 999, 5». 111 11 persona 911111111111111121111111 bapt) 99,
11111111 neque 1111111111 aee. 19. 291, 29. 292122. 419, 29.
49911. 91111111 epp. 11111. 1111. 99. 922, 9.
vom-ium: excidium Hierusalem, 911111111 299, 9.

μαψ-..--

 

