 

 

 

scriptor-111. 489

Bathea· 1. 12 ...... 499, ‘1 1311113113 7, 7 ....... 348, 9
01. 19 ....... 433, 13. - 07, 9 ......... 343, 3
33 131, 1. 147. 3 7, 13. 14 ..... 33 337, 13
1,17..33143,3.433,33.33 3, 4..133,13.-33133. 3
*1,13 ......... 313,13 3,14 ....... 33414, 3
1, 33 ....... 33 31, 3 ·3, 17 ......... 333, 17
3, 3 ....... 33 111, 14 3, 13. 33 ..... 33 43, 14
3, 13 ....... 33 113, 13 9. 9 ....... 33 433, 33
3, 13 ....... 33 443, 33 3, 33 ....... 33 499. 33
3, 7 ......... 413, 7 9, 20-22 ..... 33134, 9
3, 3 ..... 33 331, 1313. 3, 33 ......... 334, 13
333, 13. 13. 314, 1 010. 5. 9 . . .133,33.443, 13

·3, 11 ......... 433, 3 13, 9. 19 ..... 33 333, 13
3, 14 ......... 134, 11 010, 19 ......... 33, 7
9.14.15. . . . . 33 33, 13 *13,33. . . . . .43,3.313, 17
3, 13. 13 ..... 33 33, 131 13, 34 ....... 33 33, 13
313....33174,3.333, 3 13,33 ....... 33331, 3
3, 17. . . 33 1o9,15. 131, 3 010, 33. .2o1. 19. 215,29.217, 33
4, 3. . . .33333,3. 434, 3 *13,37. .334,33.-33333, 9
4. 9. . .·113,13.437, 13. -1 11. 3. .441,33.443,13.443, 3
33 33, 331 011, 4—10 ....... 443, 3

04, 4.. 33,31.-33433, 31 11, 3 ....... 3333334
4, 7 ....... 33433, 3Ι 11,11. . . ,31.33, 13.443,33
·4,13..133,7.-33174,3.433,3Ι 011, 19. . . 433, 1. 437333. -
04, 11 ......... 333, 13Ι 33 133, 1. 113, 13. 113, 3
4, 19. 13 ..... 31. 133, 34 011, 25 ......... 131, 3
05. 3 ......... 373,13 011. 25. 29 ....... 131, 13
05,19 ......... 333, 14 11, 27. . . . 0997, 34. 333, 3.
05. 17 ...... 3, 37. 113, 13 0471, 29. - 33 13,13.
5, 29 ..... 131, 4. 0490, 14 155, 3. 333, 9
5,25......09.2.122,.9 13,1-4 ..... 331331
3,33 ....... 33 17, 3 13, 3 ....... 3343333
5, 92 ......... 333, 34 13, 3 ....... 33 133. 13
5. 99 ......... 133, 13 12. 34 ..... 33 333, 1333.
3, 34 ....... 33 427. 3 311, 13. 433, 13
05.97 ......... 402, 3 *13,33. . . 33,13.333,13.-
3, 33 ....... 33 131, 3 33 133, 13
05. 33 ......... 131, 13 *13, 31 . ,333, 33. - 33 333, 33
3, 44 ....... 33 117, 11 13, 31. 33 ..... 33 133, 13
5.45 ....... 33 31, 3 *13,33... 333,13.333,3.-
9. 9 ....... 33 331, 14 33333, 33. 311,13. 313, 3
9. 13 ....... 33 333, 3 13, 37 ....... 33 333, 3
9. 24. . 131, 3. -33 174, 3 13,43.· ...... 33113, 3

