4441444444 ot 414444144444. 540

0441444εο441444 444414 (014044. 100 p. 00-07) a 14440411, 14004144.
-10114444 0, 10, 7. Palu. 141 opp. 4440444044 100, 01. 000, 00.
Gor. 1, 041 100, 14 444. 0144444 1104114 40444444 1444140404·

4444444000, 11. 000, 0. 400. 0044- 0144444 0001014404 41010414
μζ 001, 14. seriptum 400, 4.

04444144 40441. 10, 10. 100, 0. 114, digamo 041004, 1.

10. Μ, 10. 10. 010, 14. 000, 14. dignu (04404,4.101-100)4 e. 444.
004, 10. 000, 10. 001, 0. 001, 01. 100, 00. - 4. 044. (qr. 444014444,
000, 00 - 4. m 4401. 000, 01. indignus) 00. 01. 00, 0. 101,· 0
000, 00. 000, 0. 444444 40 44440444 (Hieron. 14 Hier. 101044. [440]
4444144 100, 10. - 4. m 401041 Ράη.140404,10..44401441444.
00, 10. 00, 0. 000, 0 001, 0. 041 14, 404) - 4. 40 44 444. 100, 14
444404414 01, 04 444404414 101, 10. (1444.6,01,0).-4.14,444001,14.
40010. 0444114 et moronti· 4444· 010, 11. 00. 401, 01. 410, 14. -
44414140, 10, cs. 0044, 4444444414. 0144444 444 4. infin 100, 0. 404,

04444444 40441 pn 101, 1. 000. 00.-444444401.00,1.00,01.
10. m 000, 0. - e. 044 044 010, 001, 0. 001, 10. 000, 10. 001, 00.
0. 000, 10. 004, 14. 0041 100, 0. - c. ui: dignm 4441144444 41
44440440441044 040, 0. 000, 10.

0444444 4 0441414 041 140, 10. 0114114 411, 11.

48444 0144444144 40410010. 01144044 40441. 004, 00. - 4444 4.

404444144100,01.101,1(44444444 444. 000, 0. - 144. 444. m, 10.
0144444044). 01144104 (04404, 44 444441 mv

0144414 (0444ᾲ,4.101)00,11.004, 10. 0000, 10.

01444 0144144114 ut... 44444441 001, 0144144100, 10.

1014144 41 4444404440 000, 0. - dimitto: genu 1444414444 441 (4444.)
014444 4444 44404 mu (0444 ete„ 141, 0 (41. 441444). - 411441
44, 4. 44-40) 000,10.401,10444. aliquid 411, 10.

01414444044401,00.. 014444444.4011444π.440,1.-ο.

0104444444 msam 104, 0. 010444· 4444. 4 im 010, 0. 401, 00.
44444 444. 100, 10. 104, 10. 01- 01444404 40441 110, 00. 41000,-
mnu 4444 100, 1. 14 n 110, 10. - 44. 404. (My.

(144 m 44444. 00, 0. 001, 04 p. 100) 101, 0. 1. 001, 00
014000,1444,411444444144.00,01444444404101,01.

00. 10), 00. Μ, 00. 00 040, 00 004444440441100, 11.-44044444
444. 444444 4414, «t 4144444, 41441· (444. 14 44444004) 01, 14.
0444144414 0474444014, qr. 0444141444. diseretio: 41444. 14, 0.

0104444 4444404444 44444444 4144 14 discutio: 4. 444. m· 104, 0. 000, 4.

144οι 4144 14 44400444οο44· 014, 10

001, 00. disp-r: 44444 bonini· 44 44444-

Πο440410000.410111444 404144444044400010-14
maza-dammum· 440441-444401101.
nummum, 1101.

 

