040 111 10000

0000000000 00001 (1) 200, 0. 0 0. 4000100000 001400001οἰ010 000·

not. α’. 0100000100 040, 0.
4000000000.ῌοωοωοοω 40000000 40 0. 000. 200, 0.

’ 401, 0. 40011100 0400001000οο 4000111000 011,
4010010 140110 007, 10. 7. - 0000 mmm 00οο 40-
40000 (01000, p. 108: 00000, eontra 00110100, 12 - 40001001 0001000·

401000, 1401001 rm, 0100 0000) 0100 000 12, 0 (00101 10 000000-

10, 0 010. ausae 1000 quod permitto). -
4040000 (01000, p. 70-00) 000, 21. neritum 4000100001 00...00, 0

000, 0. 12. 414, 0. 10000 40011111 nt. . . 100, 24. 14100
4000001400 (01000, p. 00) 11,1. 10. 40001011 01. ..040, 10.

400100 (ι 0000000000 00010 001 40· admixtio 410, 11.

0101100 110, 0. 10 000 (000), ex 40000 01001, 0.

000...411,10. 4000100000 (000 00000040 00, 21.
4001000 (- 01000, 01000, p. 00-000 101, 10) 200, 10 000, 22.

c. 000. 140, 4 114, 10. 200, 12. 40000000040000010140101001400100

000, 11. 400, 12. - 0. 000. 01 ius. 210, 1110010000οο 00010400 010,

40, 11. 200, 10 (1). - 0001012010. 00. 1001 nomen 0000001140 020, 22.
40000 00001000 000010 40 cumulum 4000000 (= 00000) 0 m 0. 1000.

01011- m. pm. 40 011400 110, 10. 100, 1. 004, 10.

000, 10 (01000, p. 100). adquiro: perditioni 000100 200, 10.
4014101140 (40) 000, 0. 020, 1. 400000 (0000000 000. m· 1000 111, 4.
40100100 domn..- 40 00110100 10, 0. 0000 200, 0. - 000. pm. 010101οι
401000 10001οι0 002, 1. 40410-00001000. (manditur
0014000011011000020,11. aliquoties 1000)21,10.00,11.
40100100(οΜ,0 01) 0010111, 20. 01, 0. 100, 22. 127, 24. 100,

0. 110, 20. 24. 101, 0. 10. 107, 12. 10. 110, 20. 100, 1. 211, 0. 200, 1.

10. 202, 20. 200, 1. 200, 10. 000, 11. 10. 001, 10401,
401000οῐ0 004, 10. 4. 400, 22. 400, 14. 442, 21. 440, 22.
4010000110 (01000, p. 01) 002, 10. 0.000.01000000.400,0.000000.10
40100100 (My, 0. 01) principem 00.02,00.400,24.-00010441,0

100100 010001 100, 0. - 401οᾱ100100 40400001 cinq. 00, 14. 01, 01. 201,

001 (00001, 0000000100 40000000 00 10. 204, 11. 000, 10. 001, 4. -

bonum 0101100011004000400001000) plur. 22, 0. 000, 8.

· 400, 1.- 0 non. 0. infin. 410, 4. adsertor 000, 21. 040, 0

- unum 00000000 0010 mereatur 400100οι nuper bonumne· adsignatur

02, 10. 111100 (100100000οί 0000) 10011.
00100000 001001 12, 4. - 0. 000. Mn. 102, 2.

401010 04, 10. 020, 2.- 0. 01 040, 4. 4001010οο (01000, p. 04) 01001 20,
40101001οω (0000 01000000, 0000000- 10. - 4001010100 1000 202, 0.

tim 01 eun dmm 000 0000- 000000 (00000, p. 01) 0. 000. 00, 1.

pam) 021, 20. 02021. 02011. 221, 4. 402, 10. .- 000. 01 001

410, 11 (01000, ρ. 141). inm. 104, 20.

 

