nominantem. 581

ημΙιι111111111111111111111111 111111111111111111, 1111 1 111
1111111111 11 11111111111111 11111111111111 111111. 11111 11
1111111111111 1111111111 111111- 111111,1111111111 1111111111111·
1111 111, 111. 1111111111 11111 111 11111111, 11 11111111111111
111111 1111111 111111 1111111 11 11111 11111111 11111111 11. 18.
11111 11111111111111111111111 11111111 (1111111 1111111) 111111
11 puch 1111111 111 111, 11. 1111111111.1111111111111111,111
1111111 11111111 11111111 111, 111· 11111 1111 potanti· 11111111 111,
1111111111 11111111 (d. 81191111, 111111 11111111, 1111111111
01111111 1111111111. ΙΙ 1. 11118, 11111111 [1117114711.
11. (11111111 11111111111111 111 11 ammentum: 111111111 (dat) m..
11111111 11 1111111 1111111111- mentun 1111111111111111111111,
111111 118, 1. 1111111111 111 113111 11. hoc 1111111 (11111), 11 111 11-
1111 11111111, 1111 mun 11 11 1111111111 1131111111 11111 111
1111111111 11111 1131111111118, 111111 11111 11111 regni 1111111111
11. (1111111 11 1111111 11111111 11, 1. 1111 1111111111111111111-
1111111111 11111111111 111, 1111 111 1111111111 111113...
11. 111 1111111111 11111111111111 1111111111.11.111111111111,1111 ι
111111 (1111111 11111111 populum 111 111111111111 111, 1. 1111111111-
1111111 positum 111, 11111111· 111111111111 donini 11 1111111111
1111111111 1111111 1111111 11 1111111111111 141, 1. prino
1111111111 1111 pom 11 111111 11111111111111111111111111111111
11111111414,11(1Ι.414,11).111 1111111111 141, 1. 1111111111·
111111111111 111 11111111111111· ‹lei-unius 1111111111 111 141,11.
1111, 1111111 11111111 111 111 11 1111111111 11111111 1111111111
111111 11111111 111 414, 1411. 111,11.1111111118,1.111111,
(do 111111 11111111 111. - 111111- 11. 1111111111 1111111111 1111
111 1111111 11111 onnia 11111111, 111 1111111 111111 111111111111 11.
Su& ml V [Odord 1111] 311111 11111111) 111, 11. 11111·
ρ. 11111.) - 1111 (1111111111, 11. 1111111111
οω1111111111ς111111111111 11111· 1111111111111111111111111111111111
1111111 111111 111 11, 11. 111, 1. 111111111111 11 1111111111·
motin 11, 1111. 1111111,14.1111111111“11111111 111-
111111111111111111111111111,1111 11111111 111, 1. (1111111111111
Mun quondm 11111111 111111 1111111111111111111 11111. 11111-
1111111 111 111111 1111111 11111- 11111 111111111111 118,1. 111111·
11111111111111111111111111111 111 118, 8. 1111 111 181, 1. qnid
111111,111111111111 ε-11111 111- postulet 111 1111111111111 11111·
11111111 1111111 1111111 1111 11 111111 111. 111111111111 11111
ι11111111111111111111111 111111 1111111111 111 11.(111111111111-
11111 11111111 1111111111111,111 111111111,1.111111111111 111111111
11111111 11111, 1111111111 11111111 mentum 111, 11. suscipere*
1111 11111 11111111111111111111· 1111 11111111111111, 11. 11111·
⁸⁴2

 

