uerborum 61116661166611. 569

refrigerium 66, 19. 469, 14. 9 (11. 904, 6). 16 16, 19. 16, 8.
164616181111111, μ. 166) 96, 11 616. 911, 98. 694, 6. 9. - 11111. 66161.
ramento 96, 19. 17. 19. 99, 96. 479,18.

16611116 67, 7. 14.-6116169166 repetitio 169, 11.

147, 96. 11116111661 reprehendenda quui
1111616 66, 1. 6111. (11161.) 694, 96. 466, 19.
1611116 111, 99. 16116166111111140,7.606, 96. 614,
16111111 phu. 61116666. 11111 8111111- 16. 18. 496, 6. 476, 6.

11661, (1161 6611111...440, 10. (11116111161Ι11611.)466,96(1); 61161
1611161 161611 606, 9. reprehensimus, 96. 690, 6).
1111666111616111611 (acutulum, reprobo (inprobo 469, 11) 161, 6.

65, 6. Hier. ep. 99, 9. Tum, 160, 16. 199, 17. 96191601, 18.

161661111111. 6061. 16 617, 11. 406, 8. 466, 9. 446, 17.

6611111) 118, 99. 684, 96. - 61161 464, 6.

1611166496, 17. reprobus 69, 99. 66, 6. 499, 17.
161111116 166, 4 119, 14. 141, 91. 469, 7.

198, 91. 991, 11. 909, 6. 996, 6 repromitto: 666. 1161110190.-

116. (6111111, p. 166). 666. infin. 11666. 69,-16.
1616111661 ρ111.(611111,ρ.166. om 16161611661111 1. 611. 691, 1. 447, 6.

11. 76 61114116. 111. ΧΙιῙΠ 166, 11611116 (1116116 1616) 169. 6116.

1 97166111) 991, 14. 696, 6. 996, - atqu 686, 8 616

9616616661 11111111 [mn. 1611611161 11166111 (tn 61611611)
16611161 611661 1116 661. 999, 19. - 197, 6.

pau. 1111111. 6. 1161. 69, 1. 916, 4. 16111611161 11. XXXV 9976, 61.

696, 16. 161111161 11116 1116611441, 14811661
remunero: 1661. 96, 9. 99, 1. 166, 97, 6.

99. 696, 9.,6114, 94. 96. 666, 14. 16161161 66161. 166, 19. 168, 9. -

666, 16. 690, 19. 460, 6. 111 hoc 61 976, 96.-1161111116
16111111111111(8111119,ρ.166)14.ων 619, 14111.

9960, 49. 199, 9. 619, 16. 408, 99. resurreetio 67, 16. 119, 8. 161, 16.
1111161111,1161.116,11.111161 111, 11. 16. 11. 11. 111, 1. 111,

16161111 111 468, 90. 19. 166, 91. 166, 9. 169, 1. 966,
11116616111661. 1161611 196611 111611- 96. 964, 9. 949, 14.

111116 eofflflortt'ab't [6611116 111- resuscito 76, 9. 109, 6. 164, 8. 449,

111111), 661 0961111. roy. 111116.)1 14. 18.

6166111994,16.66116616111661ι 979, 1666166166699, 16.

9. 11111111 406, 96. - e. 666. 11 16116161 corpu· 111116111699, 91. -
11111917, 16. (opp. concedo) 886, 16.
1661111161 11116 1116611661 649, 91. retorqueo: atqd 11 61161 188, 99.
111116 (M, p. 166-167, ef. 11· 16111116 (8161111, p. 167) 44,Ι 94 116.
161111)1 6. 661. 111 904, 6. 611, 111111611161116111 6161161111611111611
90. 616, 94. 498, 96. - 6. 616. 169,96.161116111 tredecim 169991
1116111 pen. 966, 16. 996, 4. 997, 11111116 11 111 tredecim 11111 17616.

 

