562 11110801

batorum 445, 28. - 0111010111 010110 (00001) 882,10.881,14.11.

821, 12. 0181001101 dai 212, 8. 214, 1. ancli·
0110011101 01005100 88, 8. 110010 80, 18.
0510111101 00110001 121, 19. 0181110188,10.414,25.454,12.458,1.
1151011011 1100011001 000001001101001 ordo: 1011110 001 1110 01000000 2811

...22018 25. - 000 01111010 001 01...18,
obtutus: 01111. 828, 11. 24. 0000181010000 naonis 00101
0110011101 01101420, 18. ...282 18. 000 0101 0111101011
0000001001) 0000010110 0000011 228, 18. ...424, 9. 01111010 01 mariti 1011
occultus: 0. 1101. 882, 4. 1105101100 01...258, 2.-1111111010·
0000001 0101100111 010 ad 000010 110- 110 perordinem agera 195, 4 011

1010118515. ordinem 245, 8. 255, 2. 285, 4.
00100001001000111100001100 29, 2. 201,15.- mein 0111100 22811.

octauo XI Aprilea 100, 11. 18. qs. 0110010101. 899,15.

001100. 011011 0101010148, 8. orirentur 18,
oculo: oculata 8801 11. XXXV 2282, 28. 248, 18.

10 (Aaou. 10 110115. 4, 4). 01001001 plur. 248, 8.
odio: 0111101811, 18. 11. 0110001 0011 011000 (810800121-
080081101010 20, 1. 124. Im. 4, 82, 1. Hiar. Ι.
011010 (indie. 011101. 080101, cs. 101010, XXIV 81411) 10001 84, 1411100·

[011. 1000081110 220111 05101800 110110 51, 22. 1001010 (0000) 218,

214, 18. 1411101101. 88, 11. 12. 11. mortuum 0000 812, 15.

18 101. 14. 415, 18. - iudicii· otioaua: 00011 (1000111100 0010110110

0111010120,21.10810110 051011 pec· (811100, 0. 124) 282, 8. - 0101100

catores 881, 1. oblatae 115101010- 828, 18.

11101 109, 12. oblatus homicida

84011. paenitentia: agere 0000110οῆ001 de
018οἱ111101 121, 18. fornicatione 218, 28. - 1. 001. 01
officium: (10011111) 140, 14. - 101 infin. 811, 21 (nunquan 0000110110).

quae 10 officio 11101 011 22, 14. 0000110οε11001. 121, 240010. 1010011.

οἰ11010(1010001010)51,2 010. (Aaou. (cs. peccari) 214, 4. - 0010. 1. ace.

10 Mam». 6, 1. 9, 2). 01 infin. 01, 18. 898, 8.
010011...οο0 = nullus 284, 1. palpabilia 825, 11.
omnitenens 18, 28. pando: quod 0008010110 121, 1.
00010110 98, 20. 184, 12. 1828812, 0000001101 didragma capitum exactio

1321118182. ...quod 0000 pannosum 0111010
operor: 11. terram 412, 20. 1000110101, quia 01 00000100 01-
opifex: pauperum et diuitum 11001 1001110111.Χ11112282,48(810110,

80,18. 011).
opus: opera Sodomitarum 110, 22. par: 1100001111 0010101 01 181, 8.
oraculum 01011 diuina 180, 21. 118, 001081100245, 19401, 20. 408, 11.

12. 388, 1. profetica 54, 24. 218, paraliticus 211, 1.

25. dominica 202, 20. 0010000001 aba. 144, 11. 185, 9.

 

