870 111. 18181

1111188181 111. 1111 111. 08, 17. 888, meilen· 1111 18 18188181 8888.
8. ium. pue. 888, 8. - 88188 188, 88.

1111188118 888, 10. neronem: 8881111188 188, 11.

1181118111 488, 18. 1818811111 (nequae) 88, 8. 848, 81.

1181188μι11888. - aeq· 111811 881, 8. 418, 8. 11. 488, 8.

888, 11 ete 18188181 88. ¹⁸· - (ιιι 16881111.
18881111188 1. 181. 111. (1881811111) 18. 118, 4.188, 1888881418
888, 88. 1881888 888, 4. 818118111 881, 8. 881, 88. 88 408, 11111
408, 88. 1811188818 808, 8 (1111. 1818 118, 8.
11 111118. 814). 1188181 181811 illem 188811 1811
mereor: 18111. 488, 18. 18818.
1181111 1888881188 8881818. ed: 181181811188 8118 qued 1888
molto: 1111. 18111. 818, 14. 81118811 848, 8.
1818 (11188 quod 1811 111 811111 een· eeleo: 88, 18. 188, 88. 810, 8 818,
1888811811 18111. 1111 881888, 8. 884, 18. 488, 88.
84. (888, 8.) 888, 88. 8111 18, 8. 18888111ιί88 88, 88. 408, 8. 4111.
81, 81. 41, 11. 108, 8. 408, 8. *ammte-eademst
488, 18188, 88. 1818111118 Ι18888 118888118111.11011.118,1.888,11.
tenet 88, 81. 18888 8181111811 818,88.888,8111(1118.1111111.
(My, ρ. 88) 80,14. 88.81,1. 10, 88).
8. 888, 88. plue 11111 18881 888, 1181811118811111111111111 888,4.
88. 888, 18. reum 11118 quem 401, nepio: 18 re 14, 88.
4. - 1118 pre ee...pro hie 88, 4. 11111 (1818.» crudelitatem, 11 8888
111818 81188181 innocentie 818181 81818.
814, 8. iu 1111 (11118.) 8811 188, 4. 1881118181188111111818811 fecie: 81111
8188 18 11111(1181.)488, 18. - e. 888 1111811 88, 8. 11111 enin eie
188. metti· (11111. 818, 8 811) 1881818811108,88.181111181111188
84,8. 181, 18888. 888, 10. 81111 (8118) 184, 88. 11818 1181 1881881
814, 8. anguini· 111811 188, 18. 404, 4. 18811 tibi 18888181 111811
88181 8881811410, 8. 488, 11.
8188881818. 11111 adi. 808, 1. 1818181818 108. 80. 484, 8. 8. 88
ridiculose· 818, 8. 488, 8. - 111. praesent. 181, 18
tete: 118811 1181811 410, 84. 88 484. 10.
18111 (81111, ρ. 138) 88818. 18. 1181818 88881881 800, 10.
ne: 181 18 1881888 1188188881 non 1118 (181181 80, 18. 111118104,10);
188111 184, 80. 811181181811888118 11188811 prudentesque 888, 88.
888, 8. eeiee: 1811188188 ·- 1. 11111
1111. 808. 8 818, 18.
metue: 818811. 11111188 1818188, 1811888111 (11118881111118111818181,
88. 1188111818 888, 8. Rene 8118888511111111811111114188
888, 81. 8111181118. 8111 1811111881,
miletium 188181, immo eeerileginm 14. 84, 18. 18, 81. 88 48, 18 88,
11818. 8 88, 18 80, 18. 81, 81. 84, 4.

 

