555 111. 10001

1000100010 210,21.10)10111000.·00001111(01000100.01110);
1000110 (M, p. 112-113. Anrm) 0010 1011111 efferri 1000010 loe, 1.

00000100 21,11.41,20.000.10. 1001101100. terrim 110, 10.

0000010 40, 10. 0101001010οι 402, 4. 10010101 (m) 040, 24. 0010

0111000 400, 11. quod 111000 150, 1010110111010,01.

' 11. - 010. euri. Ι. XXXV 2204, 101101 emur. 10101100 184, 00.

10. 210, 00. 201, 0. 1011101οο 10, 21. 021. 1.

1000 (01111001 000 1000 01 00000110, 10100001 01100110000101100001 0584

000 00 00110001 000, 0. 10100101 0ρί11100 000011 108. 11.
1000001000 421, 0. 1ομ1100 (81009, p. 113) 114, 11.
1000001001 01001011 101, 20 (es. 00· 201, 18. 445, 5.

00100). 10μο (81009, p. 113)ι 0011011001·
1001001000 100, 0. 405, 18. perir) 00010010 00111000 01, 10. -
100100100110185, 1. 00 00 000110τί0 0030010000 m,
indignor: e. 101. 10, 10. - 10 re 10. oceno-000 10001100 141, r&

100, 10. 103101001 0. 101. 001 001. 11, 0.
indigum: indiguum 00000100 01... inhibeo: 01 1100 00 10010010 20,1(00

010,11.-0. 101. (Sinum. 102) 000110 Am. 10 101110. 11, 1).

000, 10. 10000001001 0001001. 000, 1 ((0. Stu-
indiligens: 01100 000. 000, 0. 10, p. 80).

10010001100110 181, 10. 1010101 1011001 10 00 401, 20.
100100101100100 (Story, 0. 118) 129, 101110 (0010.) 400, 1.

05. 001, 2. (opp. modertur) 000, 15. initium: iuter initium 430, 25. -
induco: atquo 10 0. 000. 20, 8. 410, 000 101110 0000 001, 20 de -ρ101,

04 010. - 0. 001. 10, 4. 418, 10 100, 28. 241, 10. 014, 1040011

(es. 8100)), ρ. 29). (es. primordium).
10οο0010101 48, 0. iniungo: 10100 00010...οο 104, 2.
10010000οὴ100 011, 10. 008, 8. inlecebrosus 015, 10.
1000100οο 044, 1. iulieeo: 1011οο001 040, 0 000. (1011110
1001001011110 (Story, p. 113> 804, 084. 5. 400, 2).

11010. 10110110100,111.101,11.214,14.418,2.
10100101 00101. 410, 0. 1011101100 (0001) 04. 5. 104, 10. 101,
1010001αο 111, 10. 1080118.

101010001 010011. 202, 20. 804, 9. 1010011000202, 14.

420, 4. 10010οι1100 98, 3.
inferre: 00001. 00000 101011 11, 8. - 1110101301 01010100 10001100 00 10000

pror. 0000100 001, 10 010. - oon· 0101010110101111. XXXV 0010, 84

0000001111. 00101. 150, 0. omnibu· 00 01000100 100101ςο101
1010010110 410, 21. 411, 0. 10. 20. 00010000 00 1010000001
1000101 00 00110100 440, 5. 028, 14 (os. 100010100010).
budrii· rubi-r 0100. 415, 14. -ρ100, 10100111οι000100101110(81000,0.111)

018, 28 (Aaron. 10 010110. 0, 18). 100, 8 010
1000011100 180, 22. 810, 4. 410, 25. 1010100110010 221, 10.

 

