m 111. 11111

modiumque& 11111415. 11111 1111111111

11114111111111111111111111· mantuanam

1111111111111111111οΛ1 (1111)4“14,21.1ι11 11111111

m, 1111111111111111 dm· 11114111

11111111111111111111(111111111110,11.111,111η,1011

Μίαοῐ1111110111111111111411 taulus: 14 11111161 ed ωδι)

mudum 111 11111 Anu 11 114, 1.

m. 6,1811.11111111111111111 sueinum, 2

111 1111111 haim 111ὴ11111 mdiu-:ainhun

111111, qu 111111111111 11 11· 11111111111414, 11, es. 11111111.

&adamum 11111 111111, 1111111111 111111111410, 10.

111 11 111111111111111) 11111 11 11111 11 1111111181,1,11’11
11111111 12,4, 11111 1111111, 111· 1111111.

11111111. ‘cufi-im: 1. p. 411, 11.

m: 1111111 111 111 11· 1. 1111111111. 11111.(111.11111111η)
1111111 111111 11111 11111 qun 181, 11.110,20.112,11. 110, a
11111111111211,21. 180, 2. 411, 1. 441, 11. 411. 1.
11111111 alq- 11. 101. 111, 11. aden: 11 deum 25,11 254, 18. uz-
1111111 211, 12. 1111. - 1. m 111. (es. 11-
11111111111111111111111142, 14. 1111111111111) dei 24, 1. m,
uuam 1. infin. 1111111. 1111111 20111, 8. (111111110121120.
111, 1. 40121405, 1. 11. 418, 20. 11111-
111111111181111,ρ.100)812,1111 11111 441, 24. 405,11.416,2.1111
11111111111111111151,24. (nent.) 18, 20. 122, 25. 438, 24.

extollo: 111111. 111111111118, 12 (1. 1111111218, 11.
n. 11.). Mo: 11 411 110, 11.
mmm: 111111 1111111111, 24 11111111111(811111,1.1011131112.
11111 (ει confirmo) 11111 (Sudor,
11111111 mnndi (811111,1. 106. Vic· ρ. 106).- 51, 11111.
11111.1>ιιαα.11)110,10.111,111. fimus: 11111111 11111. 251, 2.
1111111 211, 1. 11111 110, 11.
1111111 1111111 nd 1111111 112, 10. fomes: 1111. (81111, p. loa-107.
11111 111111121111. m. 111. 43) 18, 12. 451. 14.
fmilia: 11 11111111111111 wo. 1. forinsecus (8111111. 107) 2521.
Mo: 111 quattuordecim (1111 1111111 111111 quaen· 111111 311, 13. 11, uide
1111 11111111111 (11111482, 24. - doloris.
11 lud-oum 448, 21. - 11111 11 11111111. acc. (ins.) 1111111. 851, ῖ.
11111 148,· 28. -1, 111. 11 infin. 11111111 1. infin. 281, 11.
11111111 111111 240, 10. 114111 11111111111212, 11.
1111111111 2011111111 1111111111 fornicatio 25, 2. 11411. 21121.

188, 2. 1111111111111), 1111111 211, 15. 212, 18. 211, 12. -111-
1111111 11 111, 1. 1111 11111 110, 1111111 281, 1 (811111. p. 61). -
11. quon 1111 1111111 mei 110, 1111441111.

 

