uerborum 11 elocutionum. 541

10111111 atqu· 111111 454, 1. 11111 1111111 11111111 Μ. 805, 0.

11111 01111111 454, 11. alieubi (= 1111111, cs. 1111111)80,24.
10111011 10 1111111111 40, 11. 248, 0. 200, 20. 804, 10.
101111111 128, 0. 111111101111111111111111101111111110.
101111111 1101111111 100111 10 10111 (11011101117411112 111.-

050, 25. (ε11111111,1[.1111111)72,0.004,10.
10151 (011109, p. 711 (Im-Aul. 1111111111111111. (ε 1111111) 42, 24.

(1100 1 1111111111 1111111), 1111110. 01, 10.250,14.042,10.805, 18.

111. 00 (110. 0), 751100111110 1111111 111111 1111111 88, 14, 1101111

01111111.71.5,ρ.001.10, 111111131011111117,22.28,0.

(21110,0311.]1.001,1.7.9. 87, 1. 80, 22. 72, 10. 88,Ῑο 118,

111.140115111)1111111ῳ11 11. 110, 1. 4 188, 21. 148, 28.

111 somnia 10151 111111 1. Μ. 147, 17. 222, 25. 242, 14. 250, 0

1110111 11. mv 2280, 07 (111111). 202, 10. 804, 18. 807, 14. 824, 24.

21, 14. 24, 21. 05, 0 77, 20. 00, 411,,18 (Arda 011. La. 14, 400).

20. 280, 7. 241. 21. 820, 20. 411, 111111 (11. 11111) 111111...11 111111

1. 427, 0. 400,20(111. 1111111100. 470, 0.

44010). 111111 11111 1111 (011101, p. 0111.
101111111 1110 1110111101111111111 111111. 1111111) 121,1. 152, 0. 170,

540 0. 10212. 200, 21. 870, 2. -
1011111 (= 11111011111, 111101111111 famula 11111 . . . 11 11111 (110 11111Ι

1111111111 128, 11. 125, 17. 158, 241 ...11111 444, 10) 202, 12. 221, 14.

011101, p. 01-00) 80, 18. 87, 20 002. 0. 004, 0. 445, 8. 470, 25.

127, 21. 100, 5 111. allego 1. 1111111011 427, 1.
1011111111117111. 5, 14 ap. 414, 22. 11110111 71, 10. 100, 21. 205, 10.
10111111 (0111011, p. 00)1 11450, 14. 041, 15.

101111 1111111270, 5. 1111111 some.- 011. 111111 00, 20.
101111111111.101111111111011,10. 111. 111111 04, 0. 105, 5. 1101. tl·
111111101111111111)477,14. 111100, 14. 111. 1111 111. 111111
oegroto: 11111 1111 mortem 470, 20. 08, 20. 80, 11. 200, 21.

1111111111 (01110111. 00); 11112120. 111111 11111111 11(11111.11111101111)

487, 24. 04, 24. 100, 5. 470, 17.

11111111 (= 11111111) 51111 11111 1111111 1111111111.

000,10.1110111111111111111448,24. ambigo: 011107, 20. - (011101, p.
1111111 aequum 111111840, 17. 00-00) 1. infin 200, 0. 851, 18.
111111111111111111111111111170,24. - 1. 111. 1111111. 157, 7. 104,10.
111111111111111111470,10.-11 107, 1. 275, 0.- 111111. 1. 1111111.

1111111 50, 5. 0. 00, 18. - 11 807, 4. 5.

11111111 11. mv 2200, 51. 00. - ambiguus (011109, p. 00)1 111 nubi·

11 11111111 420, 2. guum 111 1 1111111. 155, 0.- 1. 111.
ugo: 115 loge (1111111111, 10011101, 1111111. 100, 21. 000, 2.

p. 00) 42, 4 111. 11111111115111 440, 10. -1.111.
11111 1111 (plur. = 1111111) 000, 20. 111111111 111140, 24. 11111 184, 7.

 

