504 IL 10400

,0010001 000, 1100· 00010 gum 001· 400110 (ἄν) Μ, 0.
001100100000001000000107404. 0000101000 000101 00001011 10, 11
0010100 (0100 1000000100, 00011000 000100 (ι 000-1001, 4 10.
mmmmm-u 00001010 400109040ομ11114μο11,
4000(Μο0001000144,10.00, 1001010 0. Vm n. 400.
1Μηηωη mm
00000 (0100001110, 0100010000, 0000- 0000001,100οα000000401ῤ
000) 00, 10. 000 1100001 (0000- 01001101οι000 dt-
00010) 10010 101100 00111100 mh 00111000100110000111100400001
01 00000000001110110000000011, 000000 00001000 00001 da 474, 0
1. 00000 0000 0000000001 000000· 00111100101000011100) m 70,
040, 10. ηρ.000.100»00-111001οὓ14,1.
4011010110οι 40014. 001000 10001000 0000010 00111010
00100100 (0100 0010000οι, 00000001100, 00001000 001, 01 000001000000001
00010000000000100010010 00001011 0010 010 10, 1. 01010 00010000
0010011100 000111 000110100 00001 10ςο 0111 pedu 0011010 mh
000110110 010. 104, 04. 0010011100οσ1 0010000010 107, 10. 100, n m,
(a 00100001) 104, 10 001001111 001 10. 040, 1. 007, 17 dt
0000100 10 00010010101,00.1000 norman-tutunus
(001) 000, 1100. 000000100000 00000 00100 400, 17.
000100 0000011100 004, 100. 001 00· 0000 000. 001 10010701.
1000 fleri 0101011001 00000001 00 0001000011 10, 10
,0010011000010001010010 000, 1110 4001001000 440, 07.
10010 00010 10010 0001001οι000 01 agentum: 0010000 00000100 0001·
0000 0010 0000 00001οἰ00000 0 iu· 0100100 0001100110 01000000 m, 10
0100 004, 1. 0010001110 00100100010 00μο (0100 1000010 001 000 000011
0111 10001 010010 004, 10. 00000· 00000000 001001, 000 0000110000·
10100, quos 0010011100 01110000 000, 000 00000100, 001100000οἰ 111110
1. 00101100 0000100 0010000 quui 011000000010100οοου00οώ01-
00100000 00000000 0000110100 001 00100 01 1000 100000 000· 00101101
0000101001,00000000000,01001000101 00001000 410, 10.
10 0110010οο 00000000001000, 10. 00101000 11010000 00, 7.
000, 7. 0010011100 001 0001000οι 4001001140, 17.
0010010 0000 oportet: 100100 enim 400100 000001. 07. - 100,14.
00000000 101000 0100100. 00100100 40011 (= 4001001, d. m.. uu.
01000100 0000 ..... 0000000 10101 000 11007,0) 170, 00. 11411.
00111010 christi uicem 00000 001 170, ’1.
00000 ,000 000010 001 0110000 001 400100(000“.ε40010000,00000 M
tinguere 415, 1500. (01. 410, 0)- 10001000 10 1110110 00000000 40·
paoem: 000, 0. 0010011100 01000 1001010100 0100000 000, 10
1101010, 0000 0000110100 110ςο0 004, 4001 140, 10.ι
10. (000000οἰ000ιο) 000, 10. 4010 044, 10.
0001000000 0100 01000. 001000 000, 0 010.

 

