554 111. 144144

44444 444, 7. 414 44144 841444 484, 1. 8441144 8441144 44441444 488, 8.

414 44144 84841. . . 488, 8. 8414444114 44114 444144.
8444444 14 14444444 488, 88 (411414). humilio: 4444. 88. 8. 181, 18. 888,
8414414 4444. (814414,4.108)88, 8. 81. 888, 8. 888, 88 888, 84. 4141.

848, 88484, 84. 4444.411,87.-4478,14.178. 81880,
84841414 (814414, 4. 108) 88, 1. 84, 11.4.141.4444.104,18 (os. 14411444)

8. 177, 88. 888, 8. 84441144 4444. 88, 18 (cs. (1881
84444444 187, 4. 470, 18. mxl 4444144).
8444414 818, 4. 8411444(81414,4.148.14444. mim
14141444 144444 188, 84. 874, 18. 1144. 71414414. 44444).· 44441444 8.
1414(ι· 144444144414444187, 8. 188, 8. XXXV 8888, 80. 888, 8. 4484144·

888, 8 414.)4 88, 17. 88, 7. 187, 1144 88884. 444 487,1.

18. 141, 18. 188, 18. 888, 80. 881, 8444441414 108, 8. 178, 88.

18. 888, 8. 884, 81. 878, 18. 814,

8. 818, 17. 818, 7. 88811. 881, 1444 (44 444444) 48, 81. 188, 18414.

18. 884, 18. 444, 8. 11 414. - 41 11414444 1141444 4444 48, 18 (444411

844...41871,81. 484,88. 484, 11 41444 847, 18). ideireo-...im

414.(Α44444.144144118.10,78).-44 178, 14 (814414, 4. 78).

444 844(8144414,4. 70) 1884444444. 11444 1144 ergo (81444, 4. 78. [Aah]
81444 81444 441 4414 (8144144. 84) 14, 4444. 1, 1, 8) 88, 8. 88, 4. lm.

18. - = 14 844 re: 44441 88, 81. 487, 8. 447, 14. 488, 8.

14811444 108, 18. 1144441444 488, 84 idolum 188, 8. wide 14441. rer· (844

(cs. 81444, 1414 44441444 ap. 444,). 144 441. 44114441441444444 auctoru
holocaustum 888, 18 414. (48441 holo· 4144441141448444144144444 14144-

444414444). 144444 44444441, uix 1441114444 441 44414
homo: 1411141144 8817. 141 (Sunu- 41141114 mtto 1014410 leuando 411

841) 88, 18. idol-tri· (14 441144. uid. 11414144)
honesto (= dito, 1444414144, 11444444, 86, 1. 40, 8. 81. 88, 18. 148, 8.

1144441144, 4. 8814 188, 80. 848, 884, 8. 18, 888, 22. 811, 18. 818,

4. 888, 8. 88. 818, 8. 18. 817, 18. 878, 1.
844444811844444444. 188, 11. idolum 17, 18. 78, 14.
8444411444114 (8144414), p, 109-110)2 11444444 41441. 188, 88. 881, 8. 488,

88, 7. 888, 10. 887, 8. 84. 144114 (1141. 81. X 88 Β) 147,
8444411144 (81414, 4. 108) 80, 18. 8. 10. 4444444144 480, 1. - 4. 141

881118. 808, 8. 808, 8 (1). - 41 4. aec.
8444444 84444144 (44. 11484144 41444 484, 14.-4144144888, 7.

1444444.) 878, 80. - c. 444. 41144114 ieiuno 118, 10. 484, 8. 8. 8. 88.

808, 18. - 4. dat. 4444. (114144. 14444444441441441444441444148441
144 18414. 1, 18) 44 contingitque 888, 81.
84444441 personis 88, 2. 1114 (4144.) 188, 4.

hortor: 4144 obi. 41 441444144411444 14444144 4. 444. 41 1441144. 887,1.
181, 88. - 4. 444. 41144414. (8144414, impleo: 41 11 quod 444114414878,
418888, 88. 808, 81. 888, 18. 1. 87. 878, 17 (7).

 

