518 1111111

totum 1111111, 1111 1111111111 111111 888841111111111111111-
11 811 118111111111111111111· Matidium-nub-
1111111111111, 111111111, 8111 111111111Η1111118υ1111111111
11111111 1111, 11111111 1118111 11111111111111 878, miniu-
11111111 1111111111, 11111111 111 1111111 1111 1111111 111111 nt
111111111111 1111111111 1111 &mmmmm
1118111111111118111111111888, 111111 11111 11 11111 11111 utn-
811. 11118111111111111 11111111· flu 11111111 888, 14. - (du)
1111111111 1111111 888, 88. 881, 88,18.88,18.118,4.17.188,14
18. 481, 18. 488. 17. 484, 17. 481, 1111111 111111 111 (1111111) m
18. 488, 8. 488. 81. 84. 488, 8. 8. 11111111, 1111111111111111111
488,84.87.448,8.18.17.448,8881. 11 quin 8111 11111 1111 111, 11
481, 8. 488, 18. 488, 8. 17. 4788. 1111111111 1111111 1111148, 871.
1111111111 populun 78, 18. 888, 88. (1111 11 88111111) 174, 8. 188,18.
488,18.11111111111111111111118, 884, 8. 11. 1111111 111 111 ud·
11. 8111111 887, 18. pm 111 11111111 omn 1111111·
1111111111 18 1111111 11111111 78, 884, 18. 888, 111. 18. 888, 18. 888,
4. propriu 81811 1111111811111 11.881,1. 884, 81. m. 81818.
111 1111 populun 1111 in 1111811· 481,811. 111.-(01111111)481,881.
‘nitentur 111 11 81111111 111 11 1111111111 111111111111 1111111111 111
811111111111111111111111 1111· 11111111 44, 84. 84, 18. 84. 11
811 78, 18. circumcisio tignum Iu· iudicium 111 1111118111 prohibat
1111111 111, non 1111111111 188, 1. (1111111111) lm, 18. 1111111 111111)
(8111111) 18 euangelio 1181111118· 11111111 1811111111111111 unqu
111111111111111111111111111111111 11111111 11111111 111 11111 1111·
1181111110811111488, 14. 1111 ele. 881, 111. 1111111 111
1111111111111181 1111181111111111. 1111111 888, 88 (11. 11111). ete
88.-781878,11.84,8.88,18. 1111111111 1111 1111111 11111111 11-
188, 8. 488, 88 811. 488, 8. 111111 11111 1111 1111111111 nequi·
11111 11118181111 11 Iud· 1111818111 8111. 1111111 111111 pout-u 111
(Iudaei) hoc nomino 1111 appulisti 1111111111111111 prlu 111111 111
188, 4. 7. 888, 8. 11111111 111. 888, 18.
1111181111118111111.84.-8181818. 1111111 C. 1111111811111111 eom
’11111 888, 7 uide 111111. 11111111, qui· 111111 11111111 1111·
iudex: 11111 1111111 111 88, 88. 1111 11 1111111111, 11 1 Superbo
1111111111 1111111 punitur 118, 18. rege 11111111 11111111 1111 ugni·
turpe 111111111111111111111111111111 11111111 occideretur 848, 1.
188, 8. 1111 111111 1111111111111· luppiter (1111) 1111181111 11111 881.
1111111 818, 84. (1111181111111811 18 811.
111111111111111,111 11111111111 111111 (uide iusiurandum) app. 11.
8188111111111 1111111118111111 1111. 47.
personam? 818, 8. nulli 1111111· 111(111111811111)1111(1111811111111
11811111111111111 quemquam oe· 1181 Rom· pmbibeudi) 11111111

 

