uerborum 11111111111111. 559

libet: prout 111 libitam 11111 847, 1111111111 11, 14. 40, 7. 111, 1.

11. 1111111111 111111 411, 11. 114, 11. 177,11. 111, 14. 870, 1.
111111 lidum 1111111 1111111111 814, 11. 414, 11.

17. 1. india (11111. 817,1)111,11. manifesto (1111111111 mirato) 111,
111111 11111111 171, 1. 1111 111, 17. 14. 111, 10. 101, 11811, 1. 111,
liufo: 111111 11 hysopo unguine 11.407,11.

m, 1. 1111171111 (urbm 111. (11 pm) 11,
liquido (171111, p. 111) 41, 11 111 14. 118, 14. 147, 1114114110,
1111111111 liquidum (My, 1. 111. 0. 178, 11. 111, 11. 111, 1. 111,

11111.) 11, 10. 10. 111, 11. 801,11.811, 11018,
{ittam 111111 414,1.111))11111111 11. 414, 11.471,1 de. - 111.

414,18. 11 dat. 181, 7. 171, 8. 811, 17.
111111 1111111. 111,1. 471, 11. - e. 111. 11 infin 117,
luminare: 1111. 841, 14. 11.-11111. 22. 478, 1. - 1. 11111. e. 11111101,

144, 1. 110, 14. 181, 1111411. 14 418, 11. - pm. 11 11711111

188, 4. 141, 8. mm. 114, 14. - 1. qul· 111, 1
lautius 1111 148, 17. 1111111111111111117111111 111 141. qni·
11111111 plu. 441, 14. ...181,17111.-1.111.111’11,11.

(111111, μ 111) 417, 11 de.
1111111111 aduersu· alqm 114,11. 111111 111, 14.
mgb (My, p. 111) 101, 1. 111111111111111111111447311111-
mugit: 111. 1111111111 11, 14. 141, 7. 1111)- 1111111111 (mamm.
111,1101.1,111.117,11.808,1. martyr: 1111111111 prinu mtyt

-11111111111111111111110,1.- 148, 11.

1. 11111110111111111111111171· moden· (M, ρ. 111) 1111111,

11111.11,111.11111,ρ.11- 11. 111, 1. 111, 11.

117) 11,10.41,1.11,1. 108,7. 1111111τί11 11111411, 11

811,11.- 1. 1111111811, 14. 111111111111111 171, 7. ·- in 111
1111111111 31111111(11111,ρ.117)11 (111111) 181, 11.

Ρ11171(111111111111111)110,14111 molior: 1. 11111. (11111, p. 117) 111,
maginarium 181, 7. 11. 181, 14.
mum: 111111 111 11. 111, 11. 1111111111). 100. 11. Am

282, 1. , 111 uana. 11, 14) 11, 8. 1. 87, 11.
magnalis (111119, p. 117) 110, 1. 101, 1. 111, 8. 171, 1. 7. 411, 1.

478,11. 1.401,11.11.401,10.11.
1111111111111.μ1.(111111,1.117), mbram: 11111111 111111 811, 10.

11111 mm. 1111111111 e. 111. 401, 11 (7).
1111111111 1. 111. 41, 11. 111,11. nouom 11111 menon (111111,

1111418111 ρ. 142-141) 111, 4111.
malefidum: 1111. 441, 14. nem: 11111 sm 1111111 (11111.)
1111111111111111111,1(171111,1.117). 111 1111. 111,1.811,14.11111111111
11111111(11111,1.117)1111 111111 401, 10. uua 1111 1111111111 11

11111. manum-mmm

 

