558 111. Index

1515555515 818, 1. 155515 880, 8. 14.

151555551555555.45,18.170,17.887,1. 1558555115 75, 8. 18. 77, 4.

mmm 55115555 55555 c. 151155 15511555 57, 85. 58, 8. 10. 74, 418
(5551. 51 indie. 5555515555 888,18)5 515 81. 85. 75, 8. 78, 18 77, 8
88, 80. 108, 8. 4. 114,17. 184, 8. 515. 11. 78, 10. 87, 8. 141, 81.

¹ 5551555555555, 5 54555 5551555, 55.

148,8. 185, 8. 188, 8. 818, 88. 888, 1551555 5155. 15551. 888, 18 (1). 851,
1. 858, 8. 858, 14. 15. 88888. 814, 10 515. (Am. 515 15118 14, 81)
8. 808, 8. 884, 18. 887, 18. 851, 15515 = 5555511555 (815555115-
88. 84. 854, 8. 857, 8. 888, 18 515. 115)5 75, 8 515. -155155551155
1515555515 (81555, 5.114-115) 807, 78, 18 515.
5515.
1515555515· (8155455115) 818,4 515. 15555 (5555.) 55515 55551. 80511
1511555 (Mm- 115). 5. 555. 104, 8. 155555 5511. 805, 7.
114,14. -51511511555181,14.401,8. 15555555 555555 5 5555115 1515551555·
55535155145884105557818 5115555 118,17.
1515551155 55 854, 8. 15155155 881, 84. 407, 8.
15151555 51551555 188, 85. 15155 (81555, 5. 115) 5. 555. 108, 84.
151555 55551 555555 887, 18. 17. 105, 5. 880, 14.
1555155555 1151. 55511555 84, 8. 151555 51115155.
1555111155 87, 81. 15155 (555515 5511155 1515515 55855-
15555155 5555. 5. 5111555155. 115) giam 148, 18.
855, 5 515. 15555555] 811, 15.
1555551155 plur. 808, 18. 15555 5555. 1551555 848, 18.
15555155 555555 408, 4. 1551155 (15555581) 488, 1. - (wip-
1nuioem: 55 15515555 18, 18. 80,18. 15555) 88, 18. 81, 10. 85, 11. 80,
88, 17. 840, 8. 51 15515555 48, 81. 14. 108, 85. 848, 18. 850, 8. 884,
15511555 5. 555. 78, 14. 18. 80. 858, 11. 5155. 881, 85.
155155151115 881, 14. lego (1555585 1555155 15555 55511511·
15515151115 18, 18. 105, 81. 181111. 5515 5155 88818.
148, 80. 15515 84, 4 108, 8. 187, 8. 874, 14 515.
155515151555 81. XXXV 8855, 55. 85, 155555555 subn. 5155. 488, 18. 440,
85. 180, 5. 184, 10. 888, 15. 8. -5155 150, 18. 811, 8. 811, 5.
155 55515 quod (81555, 5. 77) 47, 1555 lex 15515 5555115 5558111 880, 8.
8 515. -15515 515115 188, 5. - 15515 15155
1515 -· 5155 58, 5. 888, 8 51 55555. 818, 8.
15115 = 515 1555111155 885, 7. 11555555 885, 4 515.
iterum = 115555 188, 1. 448, 5. 11555 (5555115 diuini libri 158, 18. -
155555 5. 1151. 880, 88 5151888, 18. 5515155 11551 884, 80. —- 55515555
1555511155 substantiae 555 15555555 5515511555 libri 404, 84.
885, 88. liber (511155 115555 55 555 1555151515
1551155 148, 81. 5155555515 804, 18.
155555 (515555.) 415, 18. libentio 888, 7. 404, 8. 407, 5

 

